-1
843
1011
1037
1038
1039
1012
1007
1051
883
884
1816
1856
1020
1022
1021
1021
1021
1021
1021
1021
1024
1023
1812
1813
1814
1815
1856
841
841
841
841
841
1853
1854
972
991
988
999
990
1000
986
986
844
917
1047
1047
1047
907
908
897
898
1044
1045
1043
1046
895
892
892
892
892
892
892
892
892
900
900
900
968
968
968
968
1043
1044
1045
1046
967
967
967
1006
1017
1018
1043
1044
1045
1046
1019
1019
1019
995
996
1043
1044
1045
1046
913
978
979
1002
981
982
980
977
984
992
976
989
1005
1008
1010
1026
1032
994
1004
905
894
888
889
891
899
890
892
892
892
892
892
1028
1031
1009
969
998
971
904
-1
843
-1
843
-1
843
949
949
949
1037
1037
1038
1039
1037
1038
1039
1038
1039
917
918
917
926
939
932
922
931
1816
917
918
917
926
939
932
922
931
917
1816
918
926
917
939
1856
1020
932
1022
922
931
1021
1021
1021
1816
1856
1020
1022
1021
1021
1021
1023
1812
1813
1814
1815
841
841
1856
1020
1023
1812
1022
1021
1021
1021
841
1813
1814
841
841
1815
841
841
1852
1023
1812
841
841
841
966
942
844
1813
1814
1815
1051
841
841
1852
1026
841
1032
841
841
966
942
844
1051
1026
1852
1032
966
1051
942
844
932
1026
1032
936
938
932
925
1028
1031
936
938
925
1028
1031
932
936
938
925
1028
1031
921
921
916
916
913
913
915
912
915
912
921
909
914
909
910
914
910
911
916
911
937
913
929
937
915
929
912
960
960
909
914
910
911
937
929
960
953
954
965
953
954
958
965
958
955
955
959
1851
953
954
959
965
958
1851
955
961
959
964
950
956
949
962
963
1851
961
964
956
950
949
962
963
948
947
945
943
1840
923
946
948
947
945
961
964
950
956
962
949
963
1840
943
946
948
947
923
945
1840
943
946
923
886
903
1040
886
903
1040
924
928
924
928
886
903
1040
924
928
906
906
906
845
846
845
846
845
846
940
940
930
930
940
930
-1
843
1037
1039
1038
972
913
991
988
990
999
1000
986
986
844
917
1047
1047
1047
907
908
897
898
1044
1045
1043
1046
895
892
892
892
892
892
892
892
892
900
900
900
968
968
968
968
1043
1044
1045
1046
967
967
967
1006
1017
1018
1043
1044
1045
1046
1019
1019
1019
1013
1014
883
884
1816
1856
1020
1022
1021
1021
1021
1021
1021
1021
1023
1812
1813
1814
1815
1856
841
841
841
1015
841
841
-1
843
1247
882
881
1338
882
1079
1070
1332
1334
1327
1073
1068
1250
1074
1075
1077
1076
1037
1038
1039
1083
1069
1071
1247
1290
1325
1047
1047
1047
1048
882
1295
1295
1316
1319
1308
1308
1313
1309
1254
1320
1326
1306
881
1148
1151
1818
1249
1816
1856
1020
1022
1021
1021
1021
1021
1021
1021
1339
1023
1812
1813
1814
1815
1856
1042
1041
1042
841
841
841
1340
841
841
1026
1032
1028
1078
1031
1248
1258
1041
1042
1042
1257
1333
1335
1336
1336
1257
1055
1080
1081
1082
1072
1325
1026
1032
1078
1028
1031
1026
1051
1032
1028
1078
1031
-1
843
1026
1032
1078
1028
1031
-1
843
-1
843
1140
1141
1142
1337
1140
1141
1142
1140
1141
1142
1248
1256
1060
1059
1062
1058
1061
1066
1067
1145
1056
1057
1037
1059
1060
1058
1061
1062
1066
1067
1145
1056
1057
1059
1060
1058
1061
1062
1066
1067
1145
1038
1039
1056
1057
1144
1092
1037
1092
1037
1093
1065
1064
1100
1126
1038
1039
1144
1063
1038
1039
1092
1144
1121
1138
1139
1092
1092
881
1338
1131
1132
1133
1129
1134
1137
1129
1092
1104
881
1338
1096
1093
1064
1065
1100
1126
1094
1093
1065
1064
1100
1126
1063
1121
1138
1139
1063
1121
1138
1139
1026
881
1338
1131
1132
1133
1129
1134
1137
1129
1104
881
1338
1096
881
1338
1131
1132
1133
1129
1134
1137
1129
1104
881
1338
1096
1094
1094
1032
1026
1026
1078
1028
1031
1146
1026
1032
1078
1028
1031
1124
1101
1102
1869
1147
1032
1032
1816
1028
1031
1078
1028
1031
1078
1146
1146
1026
1032
1026
1078
1028
1032
1031
1078
1028
1031
1124
1124
1101
1102
1869
1102
1101
1869
1147
1147
1856
1020
1816
1022
1021
1021
1021
1021
1021
1021
1816
1856
1020
1856
1020
1022
1021
1021
1021
1021
1021
1021
1022
1021
1021
1021
1021
1021
1021
1339
1023
1812
1813
1814
1815
1856
841
841
1339
1023
1812
1023
1339
1812
1813
1814
1815
1813
1814
1815
1856
841
841
1856
841
841
841
841
1340
841
1095
1052
1051
841
841
1340
841
841
1095
1340
841
841
1095
1052
1052
1051
1051
1251
1292
1251
1292
1097
839
839
1097
839
839
1251
1292
839
1097
839
1301
1301
1301
902
902
885
935
935
935
919
933
919
1817
919
1817
987
887
902
902
885
935
935
935
919
933
919
919
1817
1817
887
902
885
902
935
935
935
919
933
919
1817
919
1817
887
902
885
902
935
935
935
919
933
919
1817
919
1817
887
902
902
885
935
935
935
919
919
933
1817
919
1817
887
885
902
902
935
935
935
919
933
919
1817
919
1817
887
902
902
885
935
935
935
919
933
919
1817
919
1817
887
885
902
902
935
935
935
919
933
919
1817
887
919
1817
885
902
902
935
935
935
919
933
919
1817
919
1817
887
902
885
902
935
935
935
919
933
919
1817
919
1817
887
885
902
902
935
935
935
919
919
933
1817
919
1817
887
885
902
902
935
935
935
919
933
919
1817
919
1817
887
902
902
885
935
935
935
919
919
933
1817
919
1817
887
885
902
902
935
935
935
919
919
933
1817
919
1817
887
885
902
902
935
935
935
919
933
919
1817
919
1817
887
902
902
885
935
935
935
919
933
919
1817
919
1817
887
885
902
902
935
935
935
919
933
919
1817
887
919
1817
902
902
885
935
935
935
919
933
919
919
1817
1817
887
885
902
902
935
935
935
919
919
933
919
1817
1817
887
885
902
902
935
935
935
919
933
919
1817
919
1817
887
885
902
902
935
935
935
919
919
933
919
1817
1817
887
885
902
902
935
935
935
919
919
933
1817
887
919
1817
885
902
902
935
935
935
919
933
919
1817
887
919
1817
885
902
902
935
935
935
919
933
919
1817
919
1817
887
885
902
902
935
935
935
919
919
933
1817
919
1817
887
902
902
885
935
935
935
919
919
933
1817
919
1817
887
885
902
902
935
935
935
919
919
933
1817
919
1817
887
902
885
902
935
935
935
919
933
919
1817
887
919
1817
885
902
902
935
935
935
919
933
919
1817
919
1817
887
885
902
902
935
935
935
919
919
933
1817
919
1817
887
902
902
885
935
935
935
919
933
919
1817
919
1817
887
885
902
902
935
935
935
919
919
933
919
1817
887
1817
885
902
902
935
935
935
919
919
933
1817
919
1817
887
885
902
902
935
935
935
919
919
933
1817
919
1817
887
885
902
902
935
935
935
919
933
919
919
1817
1817
887
885
902
902
935
935
935
919
919
933
1817
919
1817
887
885
902
902
935
935
935
919
933
919
1817
887
919
1817
885
902
902
935
935
935
919
919
933
1817
919
1817
887
885
902
902
902
1831
1833
1834
935
935
919
933
919
1817
887
885
902
902
902
1831
1833
1834
935
935
919
919
933
1817
887
885
902
902
902
1831
1833
1834
935
935
919
933
919
1817
887
885
902
902
902
1831
1833
1834
935
935
919
933
887
919
1817
902
885
902
902
1831
1833
1834
935
935
919
933
887
919
1817
902
885
902
902
1831
1833
1834
935
935
919
919
933
1817
887
902
885
902
902
1831
1833
1834
935
935
919
919
933
1817
887
885
902
902
902
1831
1833
1834
935
935
919
919
933
1817
887
885
902
902
902
1831
1833
1834
935
935
919
919
933
1817
887
885
902
902
902
1831
1833
1834
935
935
919
933
919
1817
887
902
902
902
1831
1833
1834
885
935
935
919
933
919
1817
887
902
902
902
1831
1833
1834
885
902
902
1834
902
902
902
902
902
902
902
902
902
902
902
902
902
902
1830
1830
1830
1830
1832
1832
1832
1832
1834
1834
1834
1834
1834
1834
1834
935
935
919
919
933
1817
887
885
902
902
902
1831
1833
1834
935
935
919
933
887
919
1817
885
902
902
902
1831
1833
1834
935
935
919
933
919
1817
887
885
902
902
902
1831
1833
1834
935
935
919
933
919
1817
887
885
902
902
902
1831
1833
1834
935
935
919
919
933
1817
887
902
902
902
1831
1833
1834
885
935
935
919
919
933
1817
887
902
902
902
1831
1834
885
1833
935
935
919
933
919
1817
887
885
902
902
902
1831
1833
1834
935
935
919
933
919
887
1817
885
902
902
902
1831
1833
1834
935
935
919
919
933
1817
887
885
902
902
902
1831
1833
1834
935
935
919
933
919
1817
887
885
902
902
902
1831
1833
1834
935
935
919
919
933
887
1817
902
902
902
1831
1833
1834
885
935
935
919
919
933
1817
887
902
885
902
902
1831
1833
1834
935
935
919
919
933
1817
887
885
902
902
902
1831
1833
1834
935
935
919
933
919
1817
887
885
902
902
902
1831
1833
1834
935
935
919
933
887
919
1817
885
902
902
902
1831
1833
1834
935
935
919
933
919
1817
887
885
902
902
902
1831
1833
1834
935
935
919
933
919
1817
887
885
902
902
902
1831
1833
1834
935
935
919
933
887
919
1817
902
902
902
1831
1833
1834
885
935
935
919
933
887
919
1817
885
902
902
902
1831
1833
1834
935
935
919
933
919
1817
887
902
902
902
1831
1833
1834
885
935
935
919
919
933
1817
887
885
902
902
902
1831
1833
1834
935
935
919
933
919
1817
887
885
902
902
902
1831
1833
1834
935
935
919
919
933
1817
887
885
902
902
902
1831
1833
1834
935
935
919
933
919
1817
887
885
902
902
902
1831
1833
1834
935
935
919
919
933
1817
887
885
902
902
902
1831
1833
1834
935
935
919
919
933
1817
887
885
902
902
902
1831
1833
1834
935
935
919
919
933
887
1817
885
902
902
902
1831
1833
1834
935
935
919
919
933
1817
887
902
902
902
885
1831
1833
1834
935
935
919
933
919
1817
887
885
902
902
902
1831
1833
1834
935
935
919
919
933
1817
887
885
902
902
902
1831
1833
1834
935
935
919
933
919
1817
887
885
902
902
902
1831
1833
1834
935
935
919
919
933
1817
887
885
902
902
902
1831
1833
1834
935
935
919
933
919
1817
887
885
902
902
902
1831
1833
1834
935
935
919
919
933
1817
887
885
902
902
902
1831
1833
1834
935
935
919
919
933
1817
887
885
902
902
902
1831
1833
1834
935
935
919
933
919
1817
887
885
902
902
902
1831
1833
1834
935
935
919
933
887
919
1817
885
902
902
902
1831
1833
1834
935
935
919
919
933
1817
887
885
902
902
902
1831
1833
1834
935
935
919
919
933
1817
887
885
902
902
902
1831
1833
1834
935
935
919
933
887
919
1817
885
902
902
902
1831
1833
1834
935
935
919
919
933
1817
887
885
902
902
902
1831
1833
1834
935
935
919
933
887
919
1817
885
902
902
902
1831
1833
1834
935
935
919
919
933
1817
887
885
902
902
902
1831
1833
1834
935
935
919
919
933
1817
887
885
902
902
902
1831
1833
1834
935
935
919
919
933
1817
887
902
902
902
1831
1834
885
1833
935
935
919
933
919
1817
887
885
902
902
902
1831
1833
1834
935
935
919
919
933
1817
887
885
902
902
902
1831
1833
1834
935
935
919
919
933
1817
887
885
902
902
902
1831
1833
1834
935
935
919
919
933
1817
887
885
902
902
902
1831
1833
1834
935
935
919
933
887
919
1817
885
902
902
902
1831
1833
1834
935
935
919
933
887
919
1817
885
902
902
902
1831
1833
1834
935
935
919
933
887
919
1817
885
902
902
902
1831
1833
1834
935
935
919
919
933
1817
887
885
902
902
902
1831
1833
1834
935
935
919
919
933
887
1817
902
902
902
1834
885
1831
1833
935
935
919
933
919
1817
887
885
902
902
902
1831
1833
1834
935
935
919
919
933
987
1817
887
885
902
902
902
1831
1833
1834
935
935
919
919
933
1817
887
885
902
902
902
1831
1833
1834
935
935
919
933
887
919
1817
885
902
902
902
1831
1833
1834
935
935
919
919
933
1817
887
885
902
902
902
1831
1833
1834
935
935
919
919
933
887
1817
885
902
902
902
1831
1833
1834
935
935
919
919
933
1817
887
885
902
902
902
1831
1833
1834
935
935
919
919
933
1817
887
902
902
902
1831
1833
1834
885
935
935
919
933
887
919
1817
885
902
902
902
1831
1833
1834
935
935
919
919
933
1817
887
902
902
902
1831
1833
1834
885
935
935
919
933
919
1817
887
902
902
902
1834
885
1831
1833
935
935
919
919
933
1817
887
902
885
902
902
1831
1833
1834
935
935
919
919
933
1817
887
885
902
902
902
1831
1833
1834
935
935
919
933
919
1817
887
885
902
902
902
1831
1833
1834
935
935
919
919
933
1817
887
902
902
902
1834
885
1831
1833
935
935
919
933
919
887
1817
902
902
902
1831
1834
885
1833
935
935
919
933
919
1817
887
885
902
902
902
1831
1833
1834
935
935
919
933
919
1817
887
885
902
902
902
1831
1833
1834
935
935
919
933
887
919
1817
902
902
902
1831
1833
1834
885
935
935
919
919
933
1817
887
885
902
902
902
1831
1833
1834
935
935
919
919
933
1817
887
885
902
902
902
1831
1833
1834
935
935
919
919
933
887
1817
885
902
902
902
1831
1833
1834
935
935
919
919
933
1817
887
885
902
902
902
1831
1833
1834
935
935
919
933
887
919
1817
885
902
902
902
1831
1833
1834
935
935
919
933
919
1817
887
902
902
902
1831
1833
1834
885
935
935
919
933
887
919
1817
885
902
902
902
1831
1833
1834
935
935
919
919
933
1817
887
902
902
902
885
1831
1833
1834
935
935
919
919
933
1817
887
902
902
902
1831
1833
1834
885
935
935
919
933
887
919
1817
885
902
902
902
1831
1833
1834
935
935
919
919
933
887
1817
885
902
902
902
1831
1833
1834
935
935
919
933
887
919
1817
902
902
902
1831
1833
1834
885
935
935
919
919
933
1817
887
885
902
902
902
1831
1833
1834
935
935
919
919
933
1817
887
885
902
902
902
1831
1833
1834
935
935
919
919
933
1817
887
885
902
902
902
1831
1833
1834
935
935
919
933
919
1817
887
885
902
902
902
1831
1833
1834
935
935
919
919
933
1817
887
885
902
902
902
1831
1833
1834
935
935
919
919
933
1817
887
902
902
902
1831
1833
1834
885
935
935
919
933
887
919
1817
885
902
902
902
1831
1833
1834
935
935
887
919
919
933
1817
902
902
902
885
1831
1833
1834
935
935
919
919
933
1817
887
885
902
902
902
1831
1833
1834
935
935
919
919
933
1817
887
885
902
902
902
1831
1833
1834
935
935
919
919
933
1817
887
902
902
902
885
1831
1833
1834
935
935
919
919
933
1817
887
885
902
902
902
1831
1833
1834
935
935
919
933
887
919
1817
885
902
902
902
1831
1833
1834
935
935
919
919
933
1817
887
885
902
902
902
1831
1833
1834
935
935
919
919
933
1817
887
885
902
902
902
1831
1833
1834
935
935
919
919
933
887
1817
885
902
902
902
1831
1833
1834
935
935
919
933
887
919
1817
902
902
885
902
1831
1833
1834
935
935
919
919
933
1817
887
885
902
902
902
1831
1833
1834
935
935
919
933
887
919
1817
902
902
902
1831
1833
1834
885
935
935
919
933
887
919
1817
885
902
902
902
1831
1833
1834
935
935
919
933
919
1817
887
885
902
902
902
1831
1833
1834
935
935
919
919
933
1817
887
885
902
902
902
1831
1833
1834
935
935
919
919
933
1817
887
885
902
902
902
1831
1833
1834
935
935
919
919
933
1817
887
885
902
902
902
1831
1833
1834
935
935
919
919
933
1817
887
885
902
902
902
1831
1833
1834
935
935
919
919
933
1817
887
885
902
902
902
1831
1833
1834
935
935
919
933
919
1817
887
902
902
902
1831
1833
1834
885
935
935
919
919
933
1817
887
885
902
902
902
1831
1833
1834
935
935
919
919
933
1817
887
902
885
902
902
1831
1833
1834
935
935
919
919
933
1817
887
885
902
902
902
1831
1833
1834
935
935
919
919
933
1817
887
885
902
902
902
1831
1833
1834
935
935
919
933
887
919
1817
885
902
902
902
1831
1833
1834
935
935
919
919
933
1817
887
885
902
902
902
1831
1833
1834
935
935
919
887
919
933
1817
885
902
902
902
1831
1833
1834
935
935
919
919
933
1817
887
885
902
902
902
1831
1833
1834
935
935
919
919
933
1817
987
887
902
902
902
1831
1833
1834
885
935
935
919
933
919
1817
887
902
885
902
902
1831
1833
1834
935
935
919
933
919
1817
887
885
902
902
902
1831
1833
1834
935
935
919
919
933
887
1817
885
902
902
902
1831
1833
1834
935
935
919
919
933
1817
887
885
902
902
902
1831
1833
1834
935
935
919
933
887
919
1817
885
902
902
902
1831
1833
1834
935
935
919
919
933
1817
887
902
902
902
885
1831
1833
1834
935
935
887
919
919
933
1817
885
902
902
902
1831
1833
1834
935
935
919
933
887
919
1817
902
902
902
1831
1833
1834
885
935
935
919
919
933
1817
887
885
902
902
902
1831
1833
1834
935
935
887
919
919
933
1817
885
902
902
902
1831
1833
1834
935
935
919
933
887
919
1817
885
902
902
902
1831
1833
1834
935
935
919
919
933
1817
887
902
902
902
1834
885
1831
1833
935
935
919
919
933
1817
887
885
902
902
902
1831
1833
1834
935
935
887
919
919
933
1817
885
902
902
902
1831
1833
1834
935
935
919
919
933
1817
987
887
902
902
885
935
935
935
919
919
933
1817
919
1817
887
885
902
902
935
935
935
919
933
919
919
1817
887
1817
885
902
902
935
935
935
919
919
933
919
1817
1817
887
885
902
902
935
935
935
919
919
933
1817
919
1817
887
885
902
902
935
935
935
919
919
933
1817
887
919
1817
885
902
902
935
935
935
919
919
933
1817
919
1817
887
885
902
902
935
935
935
919
933
919
919
1817
1817
887
885
902
902
935
935
935
919
933
919
919
1817
1817
887
885
902
902
935
935
935
919
919
933
1817
919
1817
887
885
902
902
935
935
935
919
919
919
933
1817
1817
887
885
902
902
935
935
935
919
933
919
919
1817
887
1817
885
902
902
935
935
935
919
919
933
1817
919
1817
887
902
902
902
902
885
902
902
935
935
935
919
933
919
919
1817
1817
887
885
902
902
935
935
935
919
919
933
1817
887
919
1817
885
902
902
935
935
935
919
919
933
1817
887
919
1817
902
902
885
935
935
935
919
933
919
919
1817
1817
887
885
902
902
935
935
935
919
933
919
919
1817
1817
887
885
902
902
935
935
935
919
933
919
919
1817
1817
887
885
902
902
935
935
935
919
919
919
933
1817
1817
887
885
902
902
935
935
935
919
919
919
933
1817
887
1817
885
902
902
935
935
935
919
919
933
1817
887
919
1817
885
902
902
935
935
935
919
933
919
919
1817
1817
887
885
902
902
935
935
935
919
919
933
919
1817
1817
887
885
902
902
935
935
935
919
933
919
919
1817
887
1817
885
902
902
935
935
935
919
933
919
919
1817
1817
887
885
902
902
935
935
935
919
919
933
1817
919
1817
887
885
902
902
935
935
935
919
919
933
1817
919
1817
887
885
902
902
935
935
935
919
933
919
919
1817
1817
887
885
902
902
935
935
935
919
919
933
1817
919
1817
887
902
902
885
935
935
935
919
933
919
919
1817
1817
887
885
902
902
935
935
935
919
919
919
933
1817
887
1817
885
902
902
935
935
935
919
919
933
1817
919
1817
887
885
902
902
935
935
935
919
919
919
933
1817
1817
887
902
902
885
935
935
935
919
933
919
1817
887
919
1817
885
902
902
935
935
935
919
919
919
933
1817
1817
887
885
902
902
935
935
935
919
933
919
919
1817
1817
887
902
902
885
935
935
935
919
919
933
1817
919
1817
887
902
885
902
935
935
935
919
919
919
933
1817
887
1817
885
902
902
935
935
935
919
919
933
1817
919
1817
887
885
902
902
935
935
935
919
933
919
1817
919
1817
887
885
902
902
935
935
935
919
919
933
1817
887
919
1817
885
902
902
935
935
935
919
933
919
919
1817
1817
887
885
902
902
935
935
935
919
919
919
933
1817
1817
887
902
902
885
935
935
935
919
919
933
1817
887
919
1817
885
902
902
935
935
935
919
919
933
1817
887
919
1817
885
902
902
935
935
935
919
919
933
1817
887
919
1817
885
902
902
935
935
935
919
933
919
1817
887
919
1817
885
902
902
935
935
935
919
919
933
1817
919
1817
887
885
902
902
935
935
935
919
919
933
1817
887
919
1817
885
902
902
935
935
935
919
933
919
1817
887
919
1817
902
902
885
935
935
935
919
933
919
919
1817
1817
887
885
902
902
935
935
935
919
933
919
919
1817
1817
887
885
902
902
935
935
935
919
919
919
933
1817
887
1817
885
902
902
935
935
935
919
933
919
919
1817
1817
887
885
902
902
935
935
935
919
919
919
933
1817
887
1817
885
902
902
935
935
935
919
919
933
1817
887
919
1817
885
902
902
935
935
935
919
919
933
1817
887
919
1817
885
902
902
935
935
935
919
933
919
919
1817
1817
887
885
902
902
935
935
935
919
919
919
933
1817
1817
887
885
902
902
935
935
935
919
919
919
933
1817
887
1817
885
902
902
935
935
935
919
919
933
1817
919
1817
887
885
902
902
935
935
935
919
919
933
1817
919
1817
887
885
902
902
935
935
935
919
933
919
1817
919
1817
887
902
885
902
935
935
935
919
919
919
933
1817
887
1817
885
902
902
935
935
935
919
933
919
919
1817
1817
887
902
902
885
935
935
935
919
919
933
887
919
1817
1817
885
902
902
935
935
935
919
919
933
1817
887
919
1817
885
902
902
935
935
935
919
919
933
1817
887
919
1817
885
902
902
935
935
935
919
919
933
919
1817
1817
887
885
902
902
935
935
935
919
919
933
919
1817
1817
887
885
902
902
935
935
935
919
933
919
919
1817
1817
887
902
902
885
935
935
935
919
933
919
919
1817
1817
887
885
902
902
935
935
935
919
919
933
1817
887
919
1817
885
902
902
935
935
935
919
919
933
1817
887
919
1817
885
902
902
935
935
935
919
919
933
1817
887
919
1817
885
902
902
935
935
935
919
919
933
887
919
1817
1817
885
902
902
935
935
935
919
919
933
1817
919
1817
887
885
902
902
935
935
935
919
933
919
1817
919
1817
887
885
902
902
935
935
935
919
919
919
933
1817
1817
887
885
902
902
935
935
935
919
919
933
1817
887
919
1817
902
885
902
935
935
935
919
933
919
919
1817
1817
887
902
902
885
935
935
935
919
919
933
1817
887
919
1817
902
885
902
935
935
935
919
933
919
919
1817
1817
887
902
885
902
935
935
935
919
919
919
933
1817
887
1817
885
902
902
935
935
935
919
933
919
919
1817
1817
887
885
902
902
935
935
935
919
919
933
1817
887
919
1817
885
902
902
935
935
935
919
919
933
1817
919
1817
887
902
885
902
935
935
935
919
919
919
933
1817
887
1817
885
902
902
935
935
935
919
933
919
919
1817
1817
887
902
902
885
935
935
935
919
933
887
919
919
1817
1817
885
902
902
935
935
935
919
919
919
933
1817
887
1817
902
902
885
935
935
935
919
919
933
1817
887
919
1817
885
902
902
935
935
935
919
919
933
1817
887
919
1817
885
902
902
935
935
935
919
919
919
933
1817
1817
887
902
902
885
935
935
935
919
919
933
1817
919
1817
887
902
902
885
935
935
935
919
919
933
919
1817
1817
887
885
902
902
935
935
935
919
933
919
1817
887
919
1817
885
902
902
935
935
935
919
919
919
933
1817
1817
887
885
902
902
935
935
935
919
933
919
1817
887
919
1817
902
902
885
935
935
935
919
919
919
933
1817
887
1817
885
902
902
935
935
935
919
933
919
919
1817
1817
887
885
902
902
935
935
935
919
933
919
919
1817
887
1817
885
902
902
935
935
935
919
919
933
1817
919
1817
887
885
902
902
935
935
935
919
919
933
919
1817
1817
887
885
902
902
935
935
935
919
933
919
919
1817
1817
887
885
902
902
935
935
935
919
933
919
919
1817
1817
887
885
902
902
935
935
935
919
919
933
1817
919
1817
887
902
885
902
935
935
935
919
919
919
933
1817
887
1817
902
902
885
935
935
935
919
919
933
1817
887
919
1817
885
902
902
935
935
935
919
919
933
1817
887
919
1817
885
902
902
935
935
935
919
919
919
933
1817
1817
887
885
902
902
935
935
935
919
919
933
1817
887
919
1817
902
902
885
935
935
935
919
933
919
919
1817
1817
887
885
902
902
935
935
935
919
919
919
933
1817
887
1817
885
902
902
935
935
935
919
919
919
933
1817
1817
887
885
902
902
935
935
935
919
919
919
933
1817
1817
887
885
902
902
935
935
935
919
933
919
919
1817
1817
887
885
902
902
935
935
935
919
933
919
919
1817
1817
887
885
902
902
935
935
935
919
933
919
919
1817
1817
987
887
885
902
902
935
935
935
919
933
919
919
1817
1817
887
885
902
902
935
935
935
919
933
919
1817
887
919
1817
902
885
902
935
935
935
919
933
919
919
1817
1817
887
885
902
902
935
935
935
919
919
919
933
1817
1817
887
885
902
902
935
935
935
919
919
919
933
1817
887
1817
902
902
885
935
935
935
919
933
919
919
1817
1817
887
885
902
902
935
935
935
919
919
933
1817
887
919
1817
885
902
902
935
935
935
919
919
933
1817
887
919
1817
885
902
902
935
935
935
919
933
919
919
1817
1817
887
885
902
902
935
935
935
919
919
933
919
1817
1817
887
902
902
885
935
935
935
919
919
933
1817
887
919
1817
885
902
902
935
935
935
919
919
919
933
1817
1817
887
885
902
902
935
935
935
919
919
933
1817
887
919
1817
885
902
902
935
935
935
919
919
933
919
1817
1817
887
885
902
902
935
935
935
919
933
919
919
1817
1817
887
885
902
902
935
935
935
919
933
919
1817
887
919
1817
885
902
902
935
935
935
919
919
919
933
1817
887
1817
885
902
902
935
935
935
919
919
933
887
919
1817
1817
902
902
885
935
935
935
919
919
933
1817
887
919
1817
885
902
902
935
935
935
919
933
919
919
1817
1817
887
885
902
902
935
935
935
919
919
933
1817
919
1817
887
885
902
902
935
935
935
919
919
933
1817
887
919
1817
885
902
902
935
935
935
919
919
933
1817
887
919
1817
885
902
902
935
935
935
919
919
933
1817
919
1817
887
902
885
902
935
935
935
919
933
919
919
1817
1817
887
885
902
902
935
935
935
919
933
919
919
1817
1817
887
885
902
902
935
935
935
919
919
933
1817
887
919
1817
902
902
885
935
935
935
919
933
919
1817
887
919
1817
885
902
902
935
935
935
919
919
919
933
1817
1817
887
885
902
902
935
935
935
919
933
919
919
1817
1817
887
885
902
902
935
935
935
919
919
933
1817
919
1817
887
885
902
902
935
935
935
919
933
919
1817
887
919
1817
885
902
902
935
935
935
919
919
933
1817
919
1817
887
885
902
902
935
935
935
919
933
919
1817
919
1817
887
885
902
902
935
935
935
919
933
919
1817
887
919
1817
902
885
902
935
935
935
919
933
919
1817
919
1817
887
885
902
902
935
935
935
919
933
919
1817
887
919
1817
885
902
902
935
935
935
919
933
919
919
1817
1817
887
902
902
885
935
935
935
919
933
919
919
1817
1817
887
902
885
902
935
935
935
919
919
933
1817
887
919
1817
885
902
902
935
935
935
919
933
919
1817
887
919
1817
885
902
902
935
935
935
919
919
933
1817
887
919
1817
885
902
902
935
935
935
919
933
919
1817
887
919
1817
885
902
902
935
935
935
919
933
919
1817
919
1817
887
885
902
902
935
935
935
919
919
933
1817
887
919
1817
902
885
902
935
935
935
919
919
933
1817
919
1817
887
885
902
902
935
935
935
919
933
919
919
1817
1817
887
885
902
902
935
935
935
919
933
919
919
1817
1817
887
885
902
902
935
935
935
919
919
933
1817
887
919
1817
885
902
902
935
935
935
919
919
933
919
1817
1817
887
885
902
902
935
935
935
919
919
933
1817
919
1817
887
885
902
902
935
935
935
919
919
919
933
1817
1817
887
885
902
902
935
935
935
919
919
933
919
1817
1817
887
885
902
902
935
935
935
919
919
933
1817
887
919
1817
885
902
902
935
935
935
919
919
919
933
1817
887
1817
885
902
902
935
935
935
919
919
933
1817
887
919
1817
902
902
885
935
935
935
919
919
933
887
919
1817
1817
885
902
902
935
935
935
919
933
919
1817
887
919
1817
885
902
902
935
935
935
919
919
933
1817
887
919
1817
885
902
902
935
935
935
919
919
933
1817
887
919
1817
902
885
902
935
935
935
919
919
933
1817
887
919
1817
902
902
885
935
935
935
919
933
919
1817
887
919
1817
885
902
902
935
935
935
919
933
919
1817
887
919
1817
885
902
902
935
935
935
919
933
919
1817
919
1817
887
885
902
902
935
935
935
919
933
919
1817
887
919
1817
885
902
902
935
935
935
920
920
920
920
919
919
1817
919
1817
887
933
885
902
902
902
1831
1833
1834
935
935
935
927
934
927
934
935
935
927
934
927
935
919
934
933
919
887
1817
885
902
902
902
1831
1833
1834
935
935
919
933
919
1817
887
885
902
902
902
1831
1833
1834
935
935
919
933
919
1817
887
885
902
902
902
1831
1833
1834
935
935
919
919
933
887
1817
902
885
902
902
1831
1833
1834
935
935
919
919
933
1817
887
885
902
902
902
1831
1833
1834
935
935
919
933
887
919
1817
885
902
902
902
1831
1833
1834
935
935
919
933
887
919
1817
885
902
902
902
1831
1833
1834
935
935
919
919
933
1817
887
885
902
902
902
1831
1833
1834
935
935
919
933
919
1817
887
885
902
902
902
1831
1833
1834
935
935
919
933
887
919
1817
885
902
902
902
1831
1833
1834
935
935
919
933
887
919
1817
885
902
902
902
1831
1833
1834
935
935
919
933
919
1817
887
885
902
902
902
1831
1833
1834
935
935
919
933
919
1817
887
902
902
902
1831
1833
1834
885
935
935
919
933
887
919
1817
902
902
902
902
902
902
902
902
902
902
902
902
902
902
902
902
1830
1830
1830
1832
1832
1832
1834
1834
1834
1834
1834
1834
1834
1834
1830
1832
885
902
902
902
1831
1833
1834
935
935
919
933
919
1817
887
885
902
902
902
1831
1833
1834
935
935
919
933
887
919
1817
885
902
902
902
1831
1833
1834
935
935
919
887
919
933
1817
902
902
902
1831
1834
885
1833
935
935
919
933
887
919
1817
885
902
902
902
1831
1833
1834
935
935
919
887
919
933
1817
885
902
902
902
1831
1833
1834
935
935
919
933
887
919
1817
885
902
902
902
1831
1833
1834
935
935
919
933
887
919
1817
902
902
902
1831
1833
1834
885
935
935
919
933
887
919
1817
885
902
902
902
1831
1833
1834
935
935
919
933
887
919
1817
885
902
902
902
1831
1833
1834
935
935
919
919
933
887
1817
885
902
902
902
1831
1833
1834
935
935
919
933
887
919
1817
885
902
902
902
1831
1833
1834
935
935
919
933
887
919
1817
885
902
902
902
1831
1833
1834
935
935
919
919
933
1817
887
885
902
902
902
1831
1833
1834
935
935
919
933
887
919
1817
885
902
902
902
1831
1833
1834
935
935
919
919
933
1817
887
902
885
902
902
1831
1833
1834
935
935
919
933
887
919
1817
885
902
902
902
1831
1833
1834
935
935
919
919
933
1817
887
885
902
902
902
1831
1833
1834
935
935
919
933
887
919
1817
902
902
902
1834
885
1831
1833
935
935
919
919
933
1817
887
885
902
902
902
1831
1833
1834
935
935
887
919
919
933
1817
885
902
902
902
1831
1833
1834
935
935
919
933
887
919
1817
885
902
902
902
1831
1833
1834
935
935
919
919
933
1817
887
902
902
902
1831
1833
1834
885
935
935
919
919
933
1817
887
885
902
902
902
1831
1833
1834
935
935
919
919
933
1817
887
885
902
902
902
1831
1833
1834
935
935
919
933
887
919
1817
885
902
902
902
1831
1833
1834
935
935
887
919
919
933
1817
885
902
902
902
1831
1833
1834
935
935
919
933
887
919
1817
885
902
902
902
1831
1833
1834
935
935
919
919
933
1817
887
885
902
902
902
1831
1833
1834
935
935
919
919
933
1817
887
885
902
902
902
1831
1833
1834
935
919
933
935
887
919
1817
902
902
902
1831
1834
885
1833
935
935
919
919
933
1817
887
885
902
902
902
1831
1833
1834
935
935
919
919
933
887
1817
885
902
902
902
1831
1833
1834
935
919
933
935
887
919
1817
885
902
902
902
1831
1833
1834
935
935
887
919
919
933
1817
885
902
902
902
1831
1833
1834
935
935
887
919
919
933
1817
885
902
902
902
1831
1833
1834
935
935
919
919
933
1817
987
887
885
902
902
902
1831
1833
1834
935
935
919
933
887
919
1817
885
902
902
902
1831
1833
1834
935
935
919
919
933
887
1817
885
902
902
902
1831
1833
1834
935
935
887
919
919
933
1817
885
902
902
902
1831
1833
1834
935
935
919
933
887
919
1817
885
902
902
902
1831
1833
1834
935
935
919
919
933
1817
887
885
902
902
902
1831
1833
1834
935
935
887
919
919
933
1817
885
902
902
902
1831
1833
1834
935
919
933
935
887
919
1817
885
902
902
902
1831
1833
1834
935
935
887
919
919
933
1817
885
902
902
902
1831
1833
1834
935
919
919
933
935
887
1817
885
902
902
902
1831
1833
1834
935
935
887
919
919
933
1817
885
902
902
902
1831
1833
1834
935
935
919
919
933
1817
887
885
902
902
902
1831
1833
1834
935
935
887
919
919
933
1817
885
902
902
902
1831
1833
1834
935
935
919
919
933
1817
887
885
902
902
902
1831
1833
1834
935
935
919
919
933
1817
887
902
902
902
1831
1833
1834
885
935
935
919
933
887
919
1817
885
902
902
902
1831
1833
1834
935
919
933
935
887
919
1817
885
902
902
902
1831
1833
1834
935
919
933
935
887
919
1817
885
902
902
902
1831
1833
1834
935
935
887
919
919
933
1817
885
902
902
902
1831
1833
1834
935
935
919
919
933
987
1817
887
902
885
902
902
1831
1833
1834
935
935
919
919
933
1817
887
885
902
902
902
1831
1833
1834
935
935
887
919
919
933
1817
885
902
902
902
1831
1833
1834
935
935
919
933
887
919
1817
885
902
902
902
1831
1833
1834
935
935
919
933
887
919
1817
885
902
902
902
1831
1833
1834
935
935
919
919
933
1817
887
885
902
902
902
1831
1833
1834
935
919
933
935
919
987
1817
887
902
885
902
902
1831
1833
1834
935
935
919
919
933
1817
887
885
902
902
902
1831
1833
1834
935
935
919
919
933
1817
887
885
902
902
902
1831
1833
1834
935
935
919
919
933
887
1817
885
902
902
902
1831
1833
1834
935
935
919
933
887
919
1817
885
902
902
902
1831
1833
1834
935
935
919
887
919
933
1817
885
902
902
902
1831
1833
1834
935
935
919
919
933
1817
887
885
902
902
902
1831
1833
1834
935
935
919
933
887
919
1817
885
902
902
902
1831
1833
1834
935
935
919
919
933
1817
887
885
902
902
902
1831
1833
1834
935
935
919
919
933
1817
887
885
902
902
902
1831
1833
1834
935
935
919
919
933
1817
887
902
885
902
902
1831
1833
1834
935
935
919
933
919
1817
887
885
902
902
902
1831
1833
1834
935
935
919
933
887
919
1817
885
902
902
902
1831
1833
1834
935
935
919
919
933
887
1817
885
902
902
902
1831
1833
1834
935
935
919
933
887
919
1817
885
902
902
902
1831
1833
1834
935
935
887
919
919
933
1817
885
902
902
902
1831
1833
1834
935
935
919
933
919
1817
887
902
902
902
1831
1833
1834
885
935
935
919
933
887
919
1817
885
902
902
902
1831
1833
1834
935
935
919
919
933
1817
887
902
902
902
1831
1833
1834
885
935
935
919
887
919
933
1817
885
902
902
902
1831
1833
1834
935
935
919
933
919
987
1817
887
885
902
902
902
1831
1833
1834
935
935
919
933
887
919
1817
885
902
902
902
1831
1833
1834
935
935
919
933
887
919
1817
885
902
902
902
1831
1833
1834
935
935
919
919
933
1817
887
885
902
902
902
1831
1833
1834
935
935
919
919
933
1817
887
885
902
902
902
1831
1833
1834
935
935
919
919
933
887
1817
885
902
902
902
1831
1833
1834
935
935
919
919
933
1817
887
885
902
902
902
1831
1833
1834
935
935
919
919
933
887
1817
885
902
902
902
1831
1833
1834
935
919
935
919
933
1817
887
902
902
902
1831
1833
1834
885
935
935
919
933
887
919
1817
885
902
902
902
1831
1833
1834
935
935
919
919
933
1817
887
885
902
902
902
1831
1833
1834
935
935
919
919
933
987
1817
887
885
902
902
935
935
935
919
933
919
1817
919
1817
887
885
902
902
935
935
935
919
933
919
919
1817
887
1817
885
902
902
935
935
935
919
919
933
1817
887
919
1817
902
902
885
935
935
935
919
933
919
1817
887
919
1817
902
902
885
935
935
935
919
919
919
933
1817
887
1817
885
902
902
935
935
935
919
919
933
1817
887
919
1817
885
902
902
935
935
935
919
933
919
919
1817
1817
887
885
902
902
935
902
902
902
902
935
935
919
919
919
933
1817
1817
887
902
902
885
935
935
935
919
933
919
919
1817
1817
887
885
902
902
935
935
935
919
919
919
933
1817
1817
887
885
902
902
935
935
935
919
933
919
919
1817
1817
887
885
902
902
935
935
935
919
919
919
933
1817
1817
887
885
902
902
935
935
935
919
919
933
1817
887
919
1817
885
902
902
935
935
935
919
933
919
919
1817
887
1817
885
902
902
935
935
935
919
919
933
1817
887
919
1817
885
902
902
935
935
935
919
919
933
1817
887
919
1817
885
902
902
935
935
935
919
933
887
919
919
1817
1817
885
902
902
935
935
935
887
919
919
919
933
1817
1817
885
902
902
935
935
935
919
919
933
1817
919
1817
887
885
902
902
935
935
935
919
933
919
919
1817
887
1817
885
902
902
935
935
935
919
933
919
919
1817
1817
887
885
902
902
935
935
935
919
919
919
933
1817
1817
887
885
902
902
935
935
935
919
919
919
1817
887
933
1817
885
902
902
935
935
935
919
933
919
919
1817
1817
887
885
902
902
935
935
935
919
933
919
1817
919
1817
887
885
902
902
935
935
935
919
919
919
933
1817
1817
887
885
902
902
935
935
935
919
933
919
919
1817
1817
887
885
902
902
935
935
935
919
933
919
919
1817
1817
887
885
902
902
935
935
935
919
933
919
1817
887
919
1817
885
902
902
935
935
935
919
933
919
919
1817
1817
887
885
902
902
935
935
935
919
933
887
919
919
1817
1817
902
902
885
935
935
935
919
933
919
919
1817
1817
887
902
902
885
935
935
935
919
933
919
919
1817
1817
887
885
902
902
935
935
935
919
919
919
933
1817
1817
887
885
902
902
935
935
935
919
933
919
919
1817
1817
887
885
902
902
935
935
935
919
933
919
919
1817
887
1817
902
902
885
935
935
935
919
933
919
919
1817
1817
887
885
902
902
935
935
935
919
933
919
919
1817
1817
887
885
902
902
935
935
935
919
933
919
919
1817
1817
887
885
902
902
935
935
935
919
933
919
919
1817
1817
887
885
902
902
935
935
935
919
919
933
1817
887
919
1817
885
902
902
935
935
935
919
919
919
933
1817
1817
887
885
902
902
935
935
935
919
933
919
919
1817
1817
887
885
902
902
935
935
935
919
933
919
919
1817
1817
887
885
902
902
935
935
935
919
919
919
933
1817
1817
887
885
902
902
935
935
935
919
919
933
887
919
1817
1817
902
902
885
935
935
935
919
933
887
919
919
1817
1817
885
902
902
935
935
935
919
919
933
1817
887
919
1817
885
902
902
935
935
935
919
919
919
933
1817
1817
887
885
902
902
935
935
919
933
935
887
919
919
1817
1817
885
902
902
935
935
935
919
919
919
933
1817
1817
887
902
902
885
935
935
935
919
919
933
1817
887
919
1817
885
902
902
935
935
935
919
933
887
919
919
1817
1817
885
902
902
935
935
935
919
919
919
933
1817
887
1817
885
902
902
935
935
935
919
919
933
1817
887
919
1817
885
902
902
935
935
935
919
919
933
1817
887
919
1817
885
902
902
935
935
935
919
919
933
1817
887
919
1817
885
902
902
935
935
935
919
919
919
933
1817
1817
887
885
902
902
935
935
935
919
919
919
933
1817
1817
887
885
902
902
935
935
935
919
887
919
919
933
1817
1817
885
902
902
935
935
935
919
919
933
887
919
1817
1817
885
902
902
935
935
935
919
919
919
933
1817
1817
887
885
902
902
935
935
935
919
919
919
933
1817
887
1817
902
902
885
935
935
935
919
933
919
919
1817
1817
887
885
902
902
935
935
935
919
919
933
1817
887
919
1817
885
902
902
935
935
935
919
919
919
933
1817
1817
887
902
902
885
935
935
935
919
919
933
1817
887
919
1817
885
902
902
935
935
935
919
933
887
919
919
1817
1817
885
902
902
935
935
935
919
919
933
1817
887
919
1817
885
902
902
935
935
935
919
919
919
933
1817
1817
887
885
902
902
935
935
919
933
935
887
919
919
1817
1817
885
902
902
935
935
935
919
919
919
933
1817
1817
887
902
885
902
935
935
935
919
919
933
887
919
1817
1817
885
902
902
935
935
935
919
933
887
919
919
1817
1817
885
902
902
935
935
935
919
919
933
1817
887
919
1817
885
902
902
935
935
935
919
919
933
1817
887
919
1817
885
902
902
935
935
935
919
933
887
919
919
1817
1817
885
902
902
935
935
935
919
919
933
1817
887
919
1817
885
902
902
935
935
935
919
919
933
1817
887
919
1817
885
902
902
935
935
935
919
919
919
933
1817
1817
887
885
902
902
935
935
935
919
919
933
1817
887
919
1817
902
902
885
935
935
935
887
919
919
919
933
1817
1817
885
902
902
935
935
935
887
919
919
919
933
1817
1817
885
902
902
935
935
935
919
933
887
919
919
1817
1817
885
902
902
935
935
935
919
933
919
919
1817
1817
887
885
902
902
935
935
935
919
919
919
933
1817
1817
887
885
902
902
935
935
935
919
933
887
919
919
1817
1817
885
902
902
935
935
935
919
919
933
1817
887
919
1817
885
902
902
935
935
935
919
919
933
887
919
1817
1817
885
902
902
935
935
935
919
919
933
1817
887
919
1817
885
902
902
935
935
935
919
919
919
933
1817
1817
887
885
902
902
935
935
935
919
919
919
933
1817
1817
887
920
920
920
920
935
927
927
935
927
927
935
935
934
934
934
934
902
902
902
902
927
927
920
920
935
935
920
934
920
934
927
927
934
935
934
935
902
902
902
902
920
920
927
927
920
920
935
927
927
934
934
935
935
934
934
935
902
902
902
902
920
920
920
920
927
927
935
927
927
935
934
935
934
934
935
934
902
902
902
902
920
920
920
927
927
920
935
935
927
927
934
935
935
934
934
934
902
902
902
902
920
920
920
920
935
935
927
927
927
927
934
934
934
935
934
935
902
902
902
902
920
920
927
927
934
934
935
935
927
927
920
920
935
935
934
934
902
902
902
902
0
232
182
184
186
181
188
190
212
192
226
227
228
231
1859
194
193
213
221
219
220
69
85
217
218
82
86
68
68
68
68
68
68
68
93
68
83
87
92
74
84
71
109
111
113
114
103
103
103
103
116
223
1052
215
245
246
172
167
222
166
157
164
161
160
159
171
288
160
1152
159
171
69
85
75
83
84
86
92
150
150
150
151
126
156
167
230
152
71
881
1338
250
251
252
253
254
255
1553
157
164
166
160
161
159
171
1806
1805
77
78
79
170
233
234
920
920
927
927
935
934
935
920
920
934
935
927
927
934
935
934
902
902
902
902
920
920
935
927
927
934
920
920
934
935
927
927
934
934
935
935
902
902
902
902
920
920
927
935
927
934
934
935
920
920
935
927
927
934
935
934
902
902
902
902
973
975
997
974
974
1001
976
863
866
1016
851
864
866
1016
851
864
858
859
857
854
860
862
852
855
856
853
985
983
861
861
865
867
1003
1822
920
920
935
927
927
934
934
935
927
927
920
920
935
934
935
934
902
902
902
902
920
920
927
935
935
934
934
920
920
935
927
934
934
935
927
927
902
902
902
902
920
920
934
935
927
927
920
920
934
935
934
935
935
927
927
934
902
902
902
902
920
920
920
935
935
920
934
927
934
927
935
927
927
934
935
934
902
902
902
902
