-1
386
850
871
872
873
851
846
884
481
482
1317
1341
859
862
860
860
860
860
860
860
864
863
1313
1314
1315
1316
1341
385
385
385
385
385
1339
1340
800
827
824
838
826
-1
814
814
-1
745
881
881
881
505
506
495
496
878
-1
877
-1
494
490
490
490
490
490
490
490
490
498
498
498
796
796
796
796
877
878
-1
-1
795
795
795
845
856
857
877
878
-1
-1
858
858
858
834
835
877
878
-1
-1
511
806
807
841
809
810
808
805
812
828
804
825
844
847
849
865
870
833
843
503
493
486
487
489
497
488
490
490
490
490
490
867
869
848
797
837
799
502
-1
386
-1
386
-1
386
777
777
777
871
871
872
873
871
872
873
872
873
745
746
745
754
767
760
750
759
1317
745
746
745
754
767
760
750
759
745
1317
746
754
745
767
1341
859
760
862
750
759
860
860
860
1317
1341
859
862
860
860
860
863
1313
1314
1315
1316
385
385
1341
859
863
1313
862
860
860
860
385
1314
1315
385
385
1316
385
385
1338
863
1313
385
385
385
794
770
387
1314
1315
1316
884
385
385
1338
865
385
870
385
385
794
770
387
884
865
1338
870
794
884
770
387
760
865
870
764
766
760
753
867
869
764
766
753
867
869
760
764
766
753
867
869
749
749
744
744
511
511
-1
510
-1
510
749
507
512
507
508
512
508
509
744
509
765
511
757
765
-1
757
510
788
788
507
512
508
509
765
757
788
781
782
793
781
782
786
793
786
783
783
787
1337
781
782
787
793
786
1337
783
789
787
792
778
784
777
790
791
1337
789
792
784
778
777
790
791
776
775
773
771
1335
751
-1
776
775
773
789
792
778
784
790
777
791
1335
771
-1
776
775
751
773
1335
771
-1
751
484
501
874
484
501
874
752
756
752
756
484
501
874
752
756
504
504
504
388
389
388
389
388
389
768
768
758
758
768
758
-1
386
871
873
872
800
511
827
824
826
838
-1
814
814
-1
745
881
881
881
505
506
495
496
878
-1
877
-1
494
490
490
490
490
490
490
490
490
498
498
498
796
796
796
796
877
878
-1
-1
795
795
795
845
856
857
877
878
-1
-1
858
858
858
-1
-1
481
482
1317
1341
859
862
860
860
860
860
860
860
863
1313
1314
1315
1316
1341
385
385
385
854
385
385
-1
386
1009
480
479
1090
480
912
903
1084
1086
1079
906
901
1012
907
908
910
909
871
872
873
916
902
904
1009
1042
1077
881
881
881
882
480
1049
1049
1067
1069
1060
1060
1065
1061
1016
1070
1078
1058
479
986
989
1319
1011
1317
1341
859
862
860
860
860
860
860
860
1091
863
1313
1314
1315
1316
1341
876
875
876
385
385
385
1092
385
385
865
870
867
911
869
1010
1020
875
876
876
1019
1085
1087
1088
1088
1019
888
913
914
915
905
1077
865
870
911
867
869
865
884
870
867
911
869
-1
386
865
870
911
867
869
-1
386
-1
386
978
979
980
1089
978
979
980
978
979
980
1010
1018
893
892
895
891
894
899
900
983
889
890
871
892
893
891
894
895
899
900
983
889
890
892
893
891
894
895
899
900
983
872
873
889
890
982
925
871
925
871
-1
898
897
933
962
872
873
982
896
872
873
925
982
958
976
977
925
925
479
1090
969
970
971
967
972
975
967
925
937
479
1090
929
-1
897
898
933
962
927
-1
898
897
933
962
896
958
976
977
896
958
976
977
865
479
1090
969
970
971
967
972
975
967
937
479
1090
929
479
1090
969
970
971
967
972
975
967
937
479
1090
929
927
927
870
865
865
911
867
869
984
865
870
911
867
869
960
934
935
1353
985
870
870
1317
867
869
911
867
869
911
984
984
865
870
865
911
867
870
869
911
867
869
960
960
934
935
1353
935
934
1353
985
985
1341
859
1317
862
860
860
860
860
860
860
1317
1341
859
1341
859
862
860
860
860
860
860
860
862
860
860
860
860
860
860
1091
863
1313
1314
1315
1316
1341
385
385
1091
863
1313
863
1091
1313
1314
1315
1316
1314
1315
1316
1341
385
385
1341
385
385
385
385
1092
385
928
885
884
385
385
1092
385
385
928
1092
385
385
928
885
885
884
884
1013
1048
1013
1048
930
384
384
930
384
384
1013
1048
384
930
384
1053
1053
1053
500
500
483
763
763
763
747
761
747
1318
747
1318
-1
485
500
500
483
763
763
763
747
761
747
747
1318
1318
485
500
483
500
763
763
763
747
761
747
1318
747
1318
485
500
483
500
763
763
763
747
761
747
1318
747
1318
485
500
500
483
763
763
763
747
747
761
1318
747
1318
485
483
500
500
763
763
763
747
761
747
1318
747
1318
485
500
500
483
763
763
763
747
761
747
1318
747
1318
485
483
500
500
763
763
763
747
761
747
1318
485
747
1318
483
500
500
763
763
763
747
761
747
1318
747
1318
485
500
483
500
763
763
763
747
761
747
1318
747
1318
485
483
500
500
763
763
763
747
747
761
1318
747
1318
485
483
500
500
763
763
763
747
761
747
1318
747
1318
485
500
500
483
763
763
763
747
747
761
1318
747
1318
485
483
500
500
763
763
763
747
747
761
1318
747
1318
485
483
500
500
763
763
763
747
761
747
1318
747
1318
485
500
500
483
763
763
763
747
761
747
1318
747
1318
485
483
500
500
763
763
763
747
761
747
1318
485
747
1318
500
500
483
763
763
763
747
761
747
747
1318
1318
485
483
500
500
763
763
763
747
747
761
747
1318
1318
485
483
500
500
763
763
763
747
761
747
1318
747
1318
485
483
500
500
763
763
763
747
747
761
747
1318
1318
485
483
500
500
763
763
763
747
747
761
1318
485
747
1318
483
500
500
763
763
763
747
761
747
1318
485
747
1318
483
500
500
763
763
763
747
761
747
1318
747
1318
485
483
500
500
763
763
763
747
747
761
1318
747
1318
485
500
500
483
763
763
763
747
747
761
1318
747
1318
485
483
500
500
763
763
763
747
747
761
1318
747
1318
485
500
483
500
763
763
763
747
761
747
1318
485
747
1318
483
500
500
763
763
763
747
761
747
1318
747
1318
485
483
500
500
763
763
763
747
747
761
1318
747
1318
485
500
500
483
763
763
763
747
761
747
1318
747
1318
485
483
500
500
763
763
763
747
747
761
747
1318
485
1318
483
500
500
763
763
763
747
747
761
1318
747
1318
485
483
500
500
763
763
763
747
747
761
1318
747
1318
485
483
500
500
763
763
763
747
761
747
747
1318
1318
485
483
500
500
763
763
763
747
747
761
1318
747
1318
485
483
500
500
763
763
763
747
761
747
1318
485
747
1318
483
500
500
763
763
763
747
747
761
1318
747
1318
485
483
500
500
500
1331
-1
1334
763
763
747
761
747
1318
485
483
500
500
500
1331
-1
1334
763
763
747
747
761
1318
485
483
500
500
500
1331
-1
1334
763
763
747
761
747
1318
485
483
500
500
500
1331
-1
1334
763
763
747
761
485
747
1318
500
483
500
500
1331
-1
1334
763
763
747
761
485
747
1318
500
483
500
500
1331
-1
1334
763
763
747
747
761
1318
485
500
483
500
500
1331
-1
1334
763
763
747
747
761
1318
485
483
500
500
500
1331
-1
1334
763
763
747
747
761
1318
485
483
500
500
500
1331
-1
1334
763
763
747
747
761
1318
485
483
500
500
500
1331
-1
1334
763
763
747
761
747
1318
485
500
500
500
1331
-1
1334
483
763
763
747
761
747
1318
485
500
500
500
1331
-1
1334
483
500
500
1334
500
500
500
500
500
500
500
500
500
500
500
500
500
500
1330
1330
1330
1330
-1
-1
-1
-1
1334
1334
1334
1334
1334
1334
1334
763
763
747
747
761
1318
485
483
500
500
500
1331
-1
1334
763
763
747
761
485
747
1318
483
500
500
500
1331
-1
1334
763
763
747
761
747
1318
485
483
500
500
500
1331
-1
1334
763
763
747
761
747
1318
485
483
500
500
500
1331
-1
1334
763
763
747
747
761
1318
485
500
500
500
1331
-1
1334
483
763
763
747
747
761
1318
485
500
500
500
1331
1334
483
-1
763
763
747
761
747
1318
485
483
500
500
500
1331
-1
1334
763
763
747
761
747
485
1318
483
500
500
500
1331
-1
1334
763
763
747
747
761
1318
485
483
500
500
500
1331
-1
1334
763
763
747
761
747
1318
485
483
500
500
500
1331
-1
1334
763
763
747
747
761
485
1318
500
500
500
1331
-1
1334
483
763
763
747
747
761
1318
485
500
483
500
500
1331
-1
1334
763
763
747
747
761
1318
485
483
500
500
500
1331
-1
1334
763
763
747
761
747
1318
485
483
500
500
500
1331
-1
1334
763
763
747
761
485
747
1318
483
500
500
500
1331
-1
1334
763
763
747
761
747
1318
485
483
500
500
500
1331
-1
1334
763
763
747
761
747
1318
485
483
500
500
500
1331
-1
1334
763
763
747
761
485
747
1318
500
500
500
1331
-1
1334
483
763
763
747
761
485
747
1318
483
500
500
500
1331
-1
1334
763
763
747
761
747
1318
485
500
500
500
1331
-1
1334
483
763
763
747
747
761
1318
485
483
500
500
500
1331
-1
1334
763
763
747
761
747
1318
485
483
500
500
500
1331
-1
1334
763
763
747
747
761
1318
485
483
500
500
500
1331
-1
1334
763
763
747
761
747
1318
485
483
500
500
500
1331
-1
1334
763
763
747
747
761
1318
485
483
500
500
500
1331
-1
1334
763
763
747
747
761
1318
485
483
500
500
500
1331
-1
1334
763
763
747
747
761
485
1318
483
500
500
500
1331
-1
1334
763
763
747
747
761
1318
485
500
500
500
483
1331
-1
1334
763
763
747
761
747
1318
485
483
500
500
500
1331
-1
1334
763
763
747
747
761
1318
485
483
500
500
500
1331
-1
1334
763
763
747
761
747
1318
485
483
500
500
500
1331
-1
1334
763
763
747
747
761
1318
485
483
500
500
500
1331
-1
1334
763
763
747
761
747
1318
485
483
500
500
500
1331
-1
1334
763
763
747
747
761
1318
485
483
500
500
500
1331
-1
1334
763
763
747
747
761
1318
485
483
500
500
500
1331
-1
1334
763
763
747
761
747
1318
485
483
500
500
500
1331
-1
1334
763
763
747
761
485
747
1318
483
500
500
500
1331
-1
1334
763
763
747
747
761
1318
485
483
500
500
500
1331
-1
1334
763
763
747
747
761
1318
485
483
500
500
500
1331
-1
1334
763
763
747
761
485
747
1318
483
500
500
500
1331
-1
1334
763
763
747
747
761
1318
485
483
500
500
500
1331
-1
1334
763
763
747
761
485
747
1318
483
500
500
500
1331
-1
1334
763
763
747
747
761
1318
485
483
500
500
500
1331
-1
1334
763
763
747
747
761
1318
485
483
500
500
500
1331
-1
1334
763
763
747
747
761
1318
485
500
500
500
1331
1334
483
-1
763
763
747
761
747
1318
485
483
500
500
500
1331
-1
1334
763
763
747
747
761
1318
485
483
500
500
500
1331
-1
1334
763
763
747
747
761
1318
485
483
500
500
500
1331
-1
1334
763
763
747
747
761
1318
485
483
500
500
500
1331
-1
1334
763
763
747
761
485
747
1318
483
500
500
500
1331
-1
1334
763
763
747
761
485
747
1318
483
500
500
500
1331
-1
1334
763
763
747
761
485
747
1318
483
500
500
500
1331
-1
1334
763
763
747
747
761
1318
485
483
500
500
500
1331
-1
1334
763
763
747
747
761
485
1318
500
500
500
1334
483
1331
-1
763
763
747
761
747
1318
485
483
500
500
500
1331
-1
1334
763
763
747
747
761
-1
1318
485
483
500
500
500
1331
-1
1334
763
763
747
747
761
1318
485
483
500
500
500
1331
-1
1334
763
763
747
761
485
747
1318
483
500
500
500
1331
-1
1334
763
763
747
747
761
1318
485
483
500
500
500
1331
-1
1334
763
763
747
747
761
485
1318
483
500
500
500
1331
-1
1334
763
763
747
747
761
1318
485
483
500
500
500
1331
-1
1334
763
763
747
747
761
1318
485
500
500
500
1331
-1
1334
483
763
763
747
761
485
747
1318
483
500
500
500
1331
-1
1334
763
763
747
747
761
1318
485
500
500
500
1331
-1
1334
483
763
763
747
761
747
1318
485
500
500
500
1334
483
1331
-1
763
763
747
747
761
1318
485
500
483
500
500
1331
-1
1334
763
763
747
747
761
1318
485
483
500
500
500
1331
-1
1334
763
763
747
761
747
1318
485
483
500
500
500
1331
-1
1334
763
763
747
747
761
1318
485
500
500
500
1334
483
1331
-1
763
763
747
761
747
485
1318
500
500
500
1331
1334
483
-1
763
763
747
761
747
1318
485
483
500
500
500
1331
-1
1334
763
763
747
761
747
1318
485
483
500
500
500
1331
-1
1334
763
763
747
761
485
747
1318
500
500
500
1331
-1
1334
483
763
763
747
747
761
1318
485
483
500
500
500
1331
-1
1334
763
763
747
747
761
1318
485
483
500
500
500
1331
-1
1334
763
763
747
747
761
485
1318
483
500
500
500
1331
-1
1334
763
763
747
747
761
1318
485
483
500
500
500
1331
-1
1334
763
763
747
761
485
747
1318
483
500
500
500
1331
-1
1334
763
763
747
761
747
1318
485
500
500
500
1331
-1
1334
483
763
763
747
761
485
747
1318
483
500
500
500
1331
-1
1334
763
763
747
747
761
1318
485
500
500
500
483
1331
-1
1334
763
763
747
747
761
1318
485
500
500
500
1331
-1
1334
483
763
763
747
761
485
747
1318
483
500
500
500
1331
-1
1334
763
763
747
747
761
485
1318
483
500
500
500
1331
-1
1334
763
763
747
761
485
747
1318
500
500
500
1331
-1
1334
483
763
763
747
747
761
1318
485
483
500
500
500
1331
-1
1334
763
763
747
747
761
1318
485
483
500
500
500
1331
-1
1334
763
763
747
747
761
1318
485
483
500
500
500
1331
-1
1334
763
763
747
761
747
1318
485
483
500
500
500
1331
-1
1334
763
763
747
747
761
1318
485
483
500
500
500
1331
-1
1334
763
763
747
747
761
1318
485
500
500
500
1331
-1
1334
483
763
763
747
761
485
747
1318
483
500
500
500
1331
-1
1334
763
763
485
747
747
761
1318
500
500
500
483
1331
-1
1334
763
763
747
747
761
1318
485
483
500
500
500
1331
-1
1334
763
763
747
747
761
1318
485
483
500
500
500
1331
-1
1334
763
763
747
747
761
1318
485
500
500
500
483
1331
-1
1334
763
763
747
747
761
1318
485
483
500
500
500
1331
-1
1334
763
763
747
761
485
747
1318
483
500
500
500
1331
-1
1334
763
763
747
747
761
1318
485
483
500
500
500
1331
-1
1334
763
763
747
747
761
1318
485
483
500
500
500
1331
-1
1334
763
763
747
747
761
485
1318
483
500
500
500
1331
-1
1334
763
763
747
761
485
747
1318
500
500
483
500
1331
-1
1334
763
763
747
747
761
1318
485
483
500
500
500
1331
-1
1334
763
763
747
761
485
747
1318
500
500
500
1331
-1
1334
483
763
763
747
761
485
747
1318
483
500
500
500
1331
-1
1334
763
763
747
761
747
1318
485
483
500
500
500
1331
-1
1334
763
763
747
747
761
1318
485
483
500
500
500
1331
-1
1334
763
763
747
747
761
1318
485
483
500
500
500
1331
-1
1334
763
763
747
747
761
1318
485
483
500
500
500
1331
-1
1334
763
763
747
747
761
1318
485
483
500
500
500
1331
-1
1334
763
763
747
747
761
1318
485
483
500
500
500
1331
-1
1334
763
763
747
761
747
1318
485
500
500
500
1331
-1
1334
483
763
763
747
747
761
1318
485
483
500
500
500
1331
-1
1334
763
763
747
747
761
1318
485
500
483
500
500
1331
-1
1334
763
763
747
747
761
1318
485
483
500
500
500
1331
-1
1334
763
763
747
747
761
1318
485
483
500
500
500
1331
-1
1334
763
763
747
761
485
747
1318
483
500
500
500
1331
-1
1334
763
763
747
747
761
1318
485
483
500
500
500
1331
-1
1334
763
763
747
485
747
761
1318
483
500
500
500
1331
-1
1334
763
763
747
747
761
1318
485
483
500
500
500
1331
-1
1334
763
763
747
747
761
1318
-1
485
500
500
500
1331
-1
1334
483
763
763
747
761
747
1318
485
500
483
500
500
1331
-1
1334
763
763
747
761
747
1318
485
483
500
500
500
1331
-1
1334
763
763
747
747
761
485
1318
483
500
500
500
1331
-1
1334
763
763
747
747
761
1318
485
483
500
500
500
1331
-1
1334
763
763
747
761
485
747
1318
483
500
500
500
1331
-1
1334
763
763
747
747
761
1318
485
500
500
500
483
1331
-1
1334
763
763
485
747
747
761
1318
483
500
500
500
1331
-1
1334
763
763
747
761
485
747
1318
500
500
500
1331
-1
1334
483
763
763
747
747
761
1318
485
483
500
500
500
1331
-1
1334
763
763
485
747
747
761
1318
483
500
500
500
1331
-1
1334
763
763
747
761
485
747
1318
483
500
500
500
1331
-1
1334
763
763
747
747
761
1318
485
500
500
500
1334
483
1331
-1
763
763
747
747
761
1318
485
483
500
500
500
1331
-1
1334
763
763
485
747
747
761
1318
483
500
500
500
1331
-1
1334
763
763
747
747
761
1318
-1
485
500
500
483
763
763
763
747
747
761
1318
747
1318
485
483
500
500
763
763
763
747
761
747
747
1318
485
1318
483
500
500
763
763
763
747
747
761
747
1318
1318
485
483
500
500
763
763
763
747
747
761
1318
747
1318
485
483
500
500
763
763
763
747
747
761
1318
485
747
1318
483
500
500
763
763
763
747
747
761
1318
747
1318
485
483
500
500
763
763
763
747
761
747
747
1318
1318
485
483
500
500
763
763
763
747
761
747
747
1318
1318
485
483
500
500
763
763
763
747
747
761
1318
747
1318
485
483
500
500
763
763
763
747
747
747
761
1318
1318
485
483
500
500
763
763
763
747
761
747
747
1318
485
1318
483
500
500
763
763
763
747
747
761
1318
747
1318
485
500
500
500
500
483
500
500
763
763
763
747
761
747
747
1318
1318
485
483
500
500
763
763
763
747
747
761
1318
485
747
1318
483
500
500
763
763
763
747
747
761
1318
485
747
1318
500
500
483
763
763
763
747
761
747
747
1318
1318
485
483
500
500
763
763
763
747
761
747
747
1318
1318
485
483
500
500
763
763
763
747
761
747
747
1318
1318
485
483
500
500
763
763
763
747
747
747
761
1318
1318
485
483
500
500
763
763
763
747
747
747
761
1318
485
1318
483
500
500
763
763
763
747
747
761
1318
485
747
1318
483
500
500
763
763
763
747
761
747
747
1318
1318
485
483
500
500
763
763
763
747
747
761
747
1318
1318
485
483
500
500
763
763
763
747
761
747
747
1318
485
1318
483
500
500
763
763
763
747
761
747
747
1318
1318
485
483
500
500
763
763
763
747
747
761
1318
747
1318
485
483
500
500
763
763
763
747
747
761
1318
747
1318
485
483
500
500
763
763
763
747
761
747
747
1318
1318
485
483
500
500
763
763
763
747
747
761
1318
747
1318
485
500
500
483
763
763
763
747
761
747
747
1318
1318
485
483
500
500
763
763
763
747
747
747
761
1318
485
1318
483
500
500
763
763
763
747
747
761
1318
747
1318
485
483
500
500
763
763
763
747
747
747
761
1318
1318
485
500
500
483
763
763
763
747
761
747
1318
485
747
1318
483
500
500
763
763
763
747
747
747
761
1318
1318
485
483
500
500
763
763
763
747
761
747
747
1318
1318
485
500
500
483
763
763
763
747
747
761
1318
747
1318
485
500
483
500
763
763
763
747
747
747
761
1318
485
1318
483
500
500
763
763
763
747
747
761
1318
747
1318
485
483
500
500
763
763
763
747
761
747
1318
747
1318
485
483
500
500
763
763
763
747
747
761
1318
485
747
1318
483
500
500
763
763
763
747
761
747
747
1318
1318
485
483
500
500
763
763
763
747
747
747
761
1318
1318
485
500
500
483
763
763
763
747
747
761
1318
485
747
1318
483
500
500
763
763
763
747
747
761
1318
485
747
1318
483
500
500
763
763
763
747
747
761
1318
485
747
1318
483
500
500
763
763
763
747
761
747
1318
485
747
1318
483
500
500
763
763
763
747
747
761
1318
747
1318
485
483
500
500
763
763
763
747
747
761
1318
485
747
1318
483
500
500
763
763
763
747
761
747
1318
485
747
1318
500
500
483
763
763
763
747
761
747
747
1318
1318
485
483
500
500
763
763
763
747
761
747
747
1318
1318
485
483
500
500
763
763
763
747
747
747
761
1318
485
1318
483
500
500
763
763
763
747
761
747
747
1318
1318
485
483
500
500
763
763
763
747
747
747
761
1318
485
1318
483
500
500
763
763
763
747
747
761
1318
485
747
1318
483
500
500
763
763
763
747
747
761
1318
485
747
1318
483
500
500
763
763
763
747
761
747
747
1318
1318
485
483
500
500
763
763
763
747
747
747
761
1318
1318
485
483
500
500
763
763
763
747
747
747
761
1318
485
1318
483
500
500
763
763
763
747
747
761
1318
747
1318
485
483
500
500
763
763
763
747
747
761
1318
747
1318
485
483
500
500
763
763
763
747
761
747
1318
747
1318
485
500
483
500
763
763
763
747
747
747
761
1318
485
1318
483
500
500
763
763
763
747
761
747
747
1318
1318
485
500
500
483
763
763
763
747
747
761
485
747
1318
1318
483
500
500
763
763
763
747
747
761
1318
485
747
1318
483
500
500
763
763
763
747
747
761
1318
485
747
1318
483
500
500
763
763
763
747
747
761
747
1318
1318
485
483
500
500
763
763
763
747
747
761
747
1318
1318
485
483
500
500
763
763
763
747
761
747
747
1318
1318
485
500
500
483
763
763
763
747
761
747
747
1318
1318
485
483
500
500
763
763
763
747
747
761
1318
485
747
1318
483
500
500
763
763
763
747
747
761
1318
485
747
1318
483
500
500
763
763
763
747
747
761
1318
485
747
1318
483
500
500
763
763
763
747
747
761
485
747
1318
1318
483
500
500
763
763
763
747
747
761
1318
747
1318
485
483
500
500
763
763
763
747
761
747
1318
747
1318
485
483
500
500
763
763
763
747
747
747
761
1318
1318
485
483
500
500
763
763
763
747
747
761
1318
485
747
1318
500
483
500
763
763
763
747
761
747
747
1318
1318
485
500
500
483
763
763
763
747
747
761
1318
485
747
1318
500
483
500
763
763
763
747
761
747
747
1318
1318
485
500
483
500
763
763
763
747
747
747
761
1318
485
1318
483
500
500
763
763
763
747
761
747
747
1318
1318
485
483
500
500
763
763
763
747
747
761
1318
485
747
1318
483
500
500
763
763
763
747
747
761
1318
747
1318
485
500
483
500
763
763
763
747
747
747
761
1318
485
1318
483
500
500
763
763
763
747
761
747
747
1318
1318
485
500
500
483
763
763
763
747
761
485
747
747
1318
1318
483
500
500
763
763
763
747
747
747
761
1318
485
1318
500
500
483
763
763
763
747
747
761
1318
485
747
1318
483
500
500
763
763
763
747
747
761
1318
485
747
1318
483
500
500
763
763
763
747
747
747
761
1318
1318
485
500
500
483
763
763
763
747
747
761
1318
747
1318
485
500
500
483
763
763
763
747
747
761
747
1318
1318
485
483
500
500
763
763
763
747
761
747
1318
485
747
1318
483
500
500
763
763
763
747
747
747
761
1318
1318
485
483
500
500
763
763
763
747
761
747
1318
485
747
1318
500
500
483
763
763
763
747
747
747
761
1318
485
1318
483
500
500
763
763
763
747
761
747
747
1318
1318
485
483
500
500
763
763
763
747
761
747
747
1318
485
1318
483
500
500
763
763
763
747
747
761
1318
747
1318
485
483
500
500
763
763
763
747
747
761
747
1318
1318
485
483
500
500
763
763
763
747
761
747
747
1318
1318
485
483
500
500
763
763
763
747
761
747
747
1318
1318
485
483
500
500
763
763
763
747
747
761
1318
747
1318
485
500
483
500
763
763
763
747
747
747
761
1318
485
1318
500
500
483
763
763
763
747
747
761
1318
485
747
1318
483
500
500
763
763
763
747
747
761
1318
485
747
1318
483
500
500
763
763
763
747
747
747
761
1318
1318
485
483
500
500
763
763
763
747
747
761
1318
485
747
1318
500
500
483
763
763
763
747
761
747
747
1318
1318
485
483
500
500
763
763
763
747
747
747
761
1318
485
1318
483
500
500
763
763
763
747
747
747
761
1318
1318
485
483
500
500
763
763
763
747
747
747
761
1318
1318
485
483
500
500
763
763
763
747
761
747
747
1318
1318
485
483
500
500
763
763
763
747
761
747
747
1318
1318
485
483
500
500
763
763
763
747
761
747
747
1318
1318
-1
485
483
500
500
763
763
763
747
761
747
747
1318
1318
485
483
500
500
763
763
763
747
761
747
1318
485
747
1318
500
483
500
763
763
763
747
761
747
747
1318
1318
485
483
500
500
763
763
763
747
747
747
761
1318
1318
485
483
500
500
763
763
763
747
747
747
761
1318
485
1318
500
500
483
763
763
763
747
761
747
747
1318
1318
485
483
500
500
763
763
763
747
747
761
1318
485
747
1318
483
500
500
763
763
763
747
747
761
1318
485
747
1318
483
500
500
763
763
763
747
761
747
747
1318
1318
485
483
500
500
763
763
763
747
747
761
747
1318
1318
485
500
500
483
763
763
763
747
747
761
1318
485
747
1318
483
500
500
763
763
763
747
747
747
761
1318
1318
485
483
500
500
763
763
763
747
747
761
1318
485
747
1318
483
500
500
763
763
763
747
747
761
747
1318
1318
485
483
500
500
763
763
763
747
761
747
747
1318
1318
485
483
500
500
763
763
763
747
761
747
1318
485
747
1318
483
500
500
763
763
763
747
747
747
761
1318
485
1318
483
500
500
763
763
763
747
747
761
485
747
1318
1318
500
500
483
763
763
763
747
747
761
1318
485
747
1318
483
500
500
763
763
763
747
761
747
747
1318
1318
485
483
500
500
763
763
763
747
747
761
1318
747
1318
485
483
500
500
763
763
763
747
747
761
1318
485
747
1318
483
500
500
763
763
763
747
747
761
1318
485
747
1318
483
500
500
763
763
763
747
747
761
1318
747
1318
485
500
483
500
763
763
763
747
761
747
747
1318
1318
485
483
500
500
763
763
763
747
761
747
747
1318
1318
485
483
500
500
763
763
763
747
747
761
1318
485
747
1318
500
500
483
763
763
763
747
761
747
1318
485
747
1318
483
500
500
763
763
763
747
747
747
761
1318
1318
485
483
500
500
763
763
763
747
761
747
747
1318
1318
485
483
500
500
763
763
763
747
747
761
1318
747
1318
485
483
500
500
763
763
763
747
761
747
1318
485
747
1318
483
500
500
763
763
763
747
747
761
1318
747
1318
485
483
500
500
763
763
763
747
761
747
1318
747
1318
485
483
500
500
763
763
763
747
761
747
1318
485
747
1318
500
483
500
763
763
763
747
761
747
1318
747
1318
485
483
500
500
763
763
763
747
761
747
1318
485
747
1318
483
500
500
763
763
763
747
761
747
747
1318
1318
485
500
500
483
763
763
763
747
761
747
747
1318
1318
485
500
483
500
763
763
763
747
747
761
1318
485
747
1318
483
500
500
763
763
763
747
761
747
1318
485
747
1318
483
500
500
763
763
763
747
747
761
1318
485
747
1318
483
500
500
763
763
763
747
761
747
1318
485
747
1318
483
500
500
763
763
763
747
761
747
1318
747
1318
485
483
500
500
763
763
763
747
747
761
1318
485
747
1318
500
483
500
763
763
763
747
747
761
1318
747
1318
485
483
500
500
763
763
763
747
761
747
747
1318
1318
485
483
500
500
763
763
763
747
761
747
747
1318
1318
485
483
500
500
763
763
763
747
747
761
1318
485
747
1318
483
500
500
763
763
763
747
747
761
747
1318
1318
485
483
500
500
763
763
763
747
747
761
1318
747
1318
485
483
500
500
763
763
763
747
747
747
761
1318
1318
485
483
500
500
763
763
763
747
747
761
747
1318
1318
485
483
500
500
763
763
763
747
747
761
1318
485
747
1318
483
500
500
763
763
763
747
747
747
761
1318
485
1318
483
500
500
763
763
763
747
747
761
1318
485
747
1318
500
500
483
763
763
763
747
747
761
485
747
1318
1318
483
500
500
763
763
763
747
761
747
1318
485
747
1318
483
500
500
763
763
763
747
747
761
1318
485
747
1318
483
500
500
763
763
763
747
747
761
1318
485
747
1318
500
483
500
763
763
763
747
747
761
1318
485
747
1318
500
500
483
763
763
763
747
761
747
1318
485
747
1318
483
500
500
763
763
763
747
761
747
1318
485
747
1318
483
500
500
763
763
763
747
761
747
1318
747
1318
485
483
500
500
763
763
763
747
761
747
1318
485
747
1318
483
500
500
763
763
763
748
748
748
748
747
747
1318
747
1318
485
761
483
500
500
500
1331
-1
1334
763
763
763
755
762
755
762
763
763
755
762
755
763
747
762
761
747
485
1318
483
500
500
500
1331
-1
1334
763
763
747
761
747
1318
485
483
500
500
500
1331
-1
1334
763
763
747
761
747
1318
485
483
500
500
500
1331
-1
1334
763
763
747
747
761
485
1318
500
483
500
500
1331
-1
1334
763
763
747
747
761
1318
485
483
500
500
500
1331
-1
1334
763
763
747
761
485
747
1318
483
500
500
500
1331
-1
1334
763
763
747
761
485
747
1318
483
500
500
500
1331
-1
1334
763
763
747
747
761
1318
485
483
500
500
500
1331
-1
1334
763
763
747
761
747
1318
485
483
500
500
500
1331
-1
1334
763
763
747
761
485
747
1318
483
500
500
500
1331
-1
1334
763
763
747
761
485
747
1318
483
500
500
500
1331
-1
1334
763
763
747
761
747
1318
485
483
500
500
500
1331
-1
1334
763
763
747
761
747
1318
485
500
500
500
1331
-1
1334
483
763
763
747
761
485
747
1318
500
500
500
500
500
500
500
500
500
500
500
500
500
500
500
500
1330
1330
1330
-1
-1
-1
1334
1334
1334
1334
1334
1334
1334
1334
1330
-1
483
500
500
500
1331
-1
1334
763
763
747
761
747
1318
485
483
500
500
500
1331
-1
1334
763
763
747
761
485
747
1318
483
500
500
500
1331
-1
1334
763
763
747
485
747
761
1318
500
500
500
1331
1334
483
-1
763
763
747
761
485
747
1318
483
500
500
500
1331
-1
1334
763
763
747
485
747
761
1318
483
500
500
500
1331
-1
1334
763
763
747
761
485
747
1318
483
500
500
500
1331
-1
1334
763
763
747
761
485
747
1318
500
500
500
1331
-1
1334
483
763
763
747
761
485
747
1318
483
500
500
500
1331
-1
1334
763
763
747
761
485
747
1318
483
500
500
500
1331
-1
1334
763
763
747
747
761
485
1318
483
500
500
500
1331
-1
1334
763
763
747
761
485
747
1318
483
500
500
500
1331
-1
1334
763
763
747
761
485
747
1318
483
500
500
500
1331
-1
1334
763
763
747
747
761
1318
485
483
500
500
500
1331
-1
1334
763
763
747
761
485
747
1318
483
500
500
500
1331
-1
1334
763
763
747
747
761
1318
485
500
483
500
500
1331
-1
1334
763
763
747
761
485
747
1318
483
500
500
500
1331
-1
1334
763
763
747
747
761
1318
485
483
500
500
500
1331
-1
1334
763
763
747
761
485
747
1318
500
500
500
1334
483
1331
-1
763
763
747
747
761
1318
485
483
500
500
500
1331
-1
1334
763
763
485
747
747
761
1318
483
500
500
500
1331
-1
1334
763
763
747
761
485
747
1318
483
500
500
500
1331
-1
1334
763
763
747
747
761
1318
485
500
500
500
1331
-1
1334
483
763
763
747
747
761
1318
485
483
500
500
500
1331
-1
1334
763
763
747
747
761
1318
485
483
500
500
500
1331
-1
1334
763
763
747
761
485
747
1318
483
500
500
500
1331
-1
1334
763
763
485
747
747
761
1318
483
500
500
500
1331
-1
1334
763
763
747
761
485
747
1318
483
500
500
500
1331
-1
1334
763
763
747
747
761
1318
485
483
500
500
500
1331
-1
1334
763
763
747
747
761
1318
485
483
500
500
500
1331
-1
1334
763
747
761
763
485
747
1318
500
500
500
1331
1334
483
-1
763
763
747
747
761
1318
485
483
500
500
500
1331
-1
1334
763
763
747
747
761
485
1318
483
500
500
500
1331
-1
1334
763
747
761
763
485
747
1318
483
500
500
500
1331
-1
1334
763
763
485
747
747
761
1318
483
500
500
500
1331
-1
1334
763
763
485
747
747
761
1318
483
500
500
500
1331
-1
1334
763
763
747
747
761
1318
-1
485
483
500
500
500
1331
-1
1334
763
763
747
761
485
747
1318
483
500
500
500
1331
-1
1334
763
763
747
747
761
485
1318
483
500
500
500
1331
-1
1334
763
763
485
747
747
761
1318
483
500
500
500
1331
-1
1334
763
763
747
761
485
747
1318
483
500
500
500
1331
-1
1334
763
763
747
747
761
1318
485
483
500
500
500
1331
-1
1334
763
763
485
747
747
761
1318
483
500
500
500
1331
-1
1334
763
747
761
763
485
747
1318
483
500
500
500
1331
-1
1334
763
763
485
747
747
761
1318
483
500
500
500
1331
-1
1334
763
747
747
761
763
485
1318
483
500
500
500
1331
-1
1334
763
763
485
747
747
761
1318
483
500
500
500
1331
-1
1334
763
763
747
747
761
1318
485
483
500
500
500
1331
-1
1334
763
763
485
747
747
761
1318
483
500
500
500
1331
-1
1334
763
763
747
747
761
1318
485
483
500
500
500
1331
-1
1334
763
763
747
747
761
1318
485
500
500
500
1331
-1
1334
483
763
763
747
761
485
747
1318
483
500
500
500
1331
-1
1334
763
747
761
763
485
747
1318
483
500
500
500
1331
-1
1334
763
747
761
763
485
747
1318
483
500
500
500
1331
-1
1334
763
763
485
747
747
761
1318
483
500
500
500
1331
-1
1334
763
763
747
747
761
-1
1318
485
500
483
500
500
1331
-1
1334
763
763
747
747
761
1318
485
483
500
500
500
1331
-1
1334
763
763
485
747
747
761
1318
483
500
500
500
1331
-1
1334
763
763
747
761
485
747
1318
483
500
500
500
1331
-1
1334
763
763
747
761
485
747
1318
483
500
500
500
1331
-1
1334
763
763
747
747
761
1318
485
483
500
500
500
1331
-1
1334
763
747
761
763
747
-1
1318
485
500
483
500
500
1331
-1
1334
763
763
747
747
761
1318
485
483
500
500
500
1331
-1
1334
763
763
747
747
761
1318
485
483
500
500
500
1331
-1
1334
763
763
747
747
761
485
1318
483
500
500
500
1331
-1
1334
763
763
747
761
485
747
1318
483
500
500
500
1331
-1
1334
763
763
747
485
747
761
1318
483
500
500
500
1331
-1
1334
763
763
747
747
761
1318
485
483
500
500
500
1331
-1
1334
763
763
747
761
485
747
1318
483
500
500
500
1331
-1
1334
763
763
747
747
761
1318
485
483
500
500
500
1331
-1
1334
763
763
747
747
761
1318
485
483
500
500
500
1331
-1
1334
763
763
747
747
761
1318
485
500
483
500
500
1331
-1
1334
763
763
747
761
747
1318
485
483
500
500
500
1331
-1
1334
763
763
747
761
485
747
1318
483
500
500
500
1331
-1
1334
763
763
747
747
761
485
1318
483
500
500
500
1331
-1
1334
763
763
747
761
485
747
1318
483
500
500
500
1331
-1
1334
763
763
485
747
747
761
1318
483
500
500
500
1331
-1
1334
763
763
747
761
747
1318
485
500
500
500
1331
-1
1334
483
763
763
747
761
485
747
1318
483
500
500
500
1331
-1
1334
763
763
747
747
761
1318
485
500
500
500
1331
-1
1334
483
763
763
747
485
747
761
1318
483
500
500
500
1331
-1
1334
763
763
747
761
747
-1
1318
485
483
500
500
500
1331
-1
1334
763
763
747
761
485
747
1318
483
500
500
500
1331
-1
1334
763
763
747
761
485
747
1318
483
500
500
500
1331
-1
1334
763
763
747
747
761
1318
485
483
500
500
500
1331
-1
1334
763
763
747
747
761
1318
485
483
500
500
500
1331
-1
1334
763
763
747
747
761
485
1318
483
500
500
500
1331
-1
1334
763
763
747
747
761
1318
485
483
500
500
500
1331
-1
1334
763
763
747
747
761
485
1318
483
500
500
500
1331
-1
1334
763
747
763
747
761
1318
485
500
500
500
1331
-1
1334
483
763
763
747
761
485
747
1318
483
500
500
500
1331
-1
1334
763
763
747
747
761
1318
485
483
500
500
500
1331
-1
1334
763
763
747
747
761
-1
1318
485
483
500
500
763
763
763
747
761
747
1318
747
1318
485
483
500
500
763
763
763
747
761
747
747
1318
485
1318
483
500
500
763
763
763
747
747
761
1318
485
747
1318
500
500
483
763
763
763
747
761
747
1318
485
747
1318
500
500
483
763
763
763
747
747
747
761
1318
485
1318
483
500
500
763
763
763
747
747
761
1318
485
747
1318
483
500
500
763
763
763
747
761
747
747
1318
1318
485
483
500
500
763
500
500
500
500
763
763
747
747
747
761
1318
1318
485
500
500
483
763
763
763
747
761
747
747
1318
1318
485
483
500
500
763
763
763
747
747
747
761
1318
1318
485
483
500
500
763
763
763
747
761
747
747
1318
1318
485
483
500
500
763
763
763
747
747
747
761
1318
1318
485
483
500
500
763
763
763
747
747
761
1318
485
747
1318
483
500
500
763
763
763
747
761
747
747
1318
485
1318
483
500
500
763
763
763
747
747
761
1318
485
747
1318
483
500
500
763
763
763
747
747
761
1318
485
747
1318
483
500
500
763
763
763
747
761
485
747
747
1318
1318
483
500
500
763
763
763
485
747
747
747
761
1318
1318
483
500
500
763
763
763
747
747
761
1318
747
1318
485
483
500
500
763
763
763
747
761
747
747
1318
485
1318
483
500
500
763
763
763
747
761
747
747
1318
1318
485
483
500
500
763
763
763
747
747
747
761
1318
1318
485
483
500
500
763
763
763
747
747
747
1318
485
761
1318
483
500
500
763
763
763
747
761
747
747
1318
1318
485
483
500
500
763
763
763
747
761
747
1318
747
1318
485
483
500
500
763
763
763
747
747
747
761
1318
1318
485
483
500
500
763
763
763
747
761
747
747
1318
1318
485
483
500
500
763
763
763
747
761
747
747
1318
1318
485
483
500
500
763
763
763
747
761
747
1318
485
747
1318
483
500
500
763
763
763
747
761
747
747
1318
1318
485
483
500
500
763
763
763
747
761
485
747
747
1318
1318
500
500
483
763
763
763
747
761
747
747
1318
1318
485
500
500
483
763
763
763
747
761
747
747
1318
1318
485
483
500
500
763
763
763
747
747
747
761
1318
1318
485
483
500
500
763
763
763
747
761
747
747
1318
1318
485
483
500
500
763
763
763
747
761
747
747
1318
485
1318
500
500
483
763
763
763
747
761
747
747
1318
1318
485
483
500
500
763
763
763
747
761
747
747
1318
1318
485
483
500
500
763
763
763
747
761
747
747
1318
1318
485
483
500
500
763
763
763
747
761
747
747
1318
1318
485
483
500
500
763
763
763
747
747
761
1318
485
747
1318
483
500
500
763
763
763
747
747
747
761
1318
1318
485
483
500
500
763
763
763
747
761
747
747
1318
1318
485
483
500
500
763
763
763
747
761
747
747
1318
1318
485
483
500
500
763
763
763
747
747
747
761
1318
1318
485
483
500
500
763
763
763
747
747
761
485
747
1318
1318
500
500
483
763
763
763
747
761
485
747
747
1318
1318
483
500
500
763
763
763
747
747
761
1318
485
747
1318
483
500
500
763
763
763
747
747
747
761
1318
1318
485
483
500
500
763
763
747
761
763
485
747
747
1318
1318
483
500
500
763
763
763
747
747
747
761
1318
1318
485
500
500
483
763
763
763
747
747
761
1318
485
747
1318
483
500
500
763
763
763
747
761
485
747
747
1318
1318
483
500
500
763
763
763
747
747
747
761
1318
485
1318
483
500
500
763
763
763
747
747
761
1318
485
747
1318
483
500
500
763
763
763
747
747
761
1318
485
747
1318
483
500
500
763
763
763
747
747
761
1318
485
747
1318
483
500
500
763
763
763
747
747
747
761
1318
1318
485
483
500
500
763
763
763
747
747
747
761
1318
1318
485
483
500
500
763
763
763
747
485
747
747
761
1318
1318
483
500
500
763
763
763
747
747
761
485
747
1318
1318
483
500
500
763
763
763
747
747
747
761
1318
1318
485
483
500
500
763
763
763
747
747
747
761
1318
485
1318
500
500
483
763
763
763
747
761
747
747
1318
1318
485
483
500
500
763
763
763
747
747
761
1318
485
747
1318
483
500
500
763
763
763
747
747
747
761
1318
1318
485
500
500
483
763
763
763
747
747
761
1318
485
747
1318
483
500
500
763
763
763
747
761
485
747
747
1318
1318
483
500
500
763
763
763
747
747
761
1318
485
747
1318
483
500
500
763
763
763
747
747
747
761
1318
1318
485
483
500
500
763
763
747
761
763
485
747
747
1318
1318
483
500
500
763
763
763
747
747
747
761
1318
1318
485
500
483
500
763
763
763
747
747
761
485
747
1318
1318
483
500
500
763
763
763
747
761
485
747
747
1318
1318
483
500
500
763
763
763
747
747
761
1318
485
747
1318
483
500
500
763
763
763
747
747
761
1318
485
747
1318
483
500
500
763
763
763
747
761
485
747
747
1318
1318
483
500
500
763
763
763
747
747
761
1318
485
747
1318
483
500
500
763
763
763
747
747
761
1318
485
747
1318
483
500
500
763
763
763
747
747
747
761
1318
1318
485
483
500
500
763
763
763
747
747
761
1318
485
747
1318
500
500
483
763
763
763
485
747
747
747
761
1318
1318
483
500
500
763
763
763
485
747
747
747
761
1318
1318
483
500
500
763
763
763
747
761
485
747
747
1318
1318
483
500
500
763
763
763
747
761
747
747
1318
1318
485
483
500
500
763
763
763
747
747
747
761
1318
1318
485
483
500
500
763
763
763
747
761
485
747
747
1318
1318
483
500
500
763
763
763
747
747
761
1318
485
747
1318
483
500
500
763
763
763
747
747
761
485
747
1318
1318
483
500
500
763
763
763
747
747
761
1318
485
747
1318
483
500
500
763
763
763
747
747
747
761
1318
1318
485
483
500
500
763
763
763
747
747
747
761
1318
1318
485
748
748
748
748
763
755
755
763
755
755
763
763
762
762
762
762
500
500
500
500
755
755
748
748
763
763
748
762
748
762
755
755
762
763
762
763
500
500
500
500
748
748
755
755
748
748
763
755
755
762
762
763
763
762
762
763
500
500
500
500
748
748
748
748
755
755
763
755
755
763
762
763
762
762
763
762
500
500
500
500
748
748
748
755
755
748
763
763
755
755
762
763
763
762
762
762
500
500
500
500
748
748
748
748
763
763
755
755
755
755
762
762
762
763
762
763
500
500
500
500
748
748
755
755
762
762
763
763
755
755
748
748
763
763
762
762
500
500
500
500
0
0
0
0
0
0
0
0
0
0
0
0
0
0
1343
0
0
0
0
0
0
0
0
0
0
0
0
0
0
0
0
0
0
0
0
0
0
0
0
0
0
0
0
0
0
0
0
0
0
0
0
0
885
0
0
0
0
0
0
0
0
0
0
0
0
0
0
0
990
0
0
0
0
0
0
0
0
0
0
0
0
0
0
0
0
0
0
0
479
1090
0
0
0
0
0
0
1179
0
0
0
0
0
0
0
1308
1307
0
0
0
0
0
0
748
748
755
755
763
762
763
748
748
762
763
755
755
762
763
762
500
500
500
500
748
748
763
755
755
762
748
748
762
763
755
755
762
762
763
763
500
500
500
500
748
748
755
763
755
762
762
763
748
748
763
755
755
762
763
762
500
500
500
500
801
803
836
802
802
840
804
-1
-1
855
-1
-1
-1
855
-1
-1
-1
-1
-1
-1
-1
-1
-1
-1
-1
-1
813
811
-1
-1
-1
-1
842
-1
748
748
763
755
755
762
762
763
755
755
748
748
763
762
763
762
500
500
500
500
748
748
755
763
763
762
762
748
748
763
755
762
762
763
755
755
500
500
500
500
748
748
762
763
755
755
748
748
762
763
762
763
763
755
755
762
500
500
500
500
748
748
748
763
763
748
762
755
762
755
763
755
755
762
763
762
500
500
500
500
