-1
843
1011
1037
1039
1038
1007
1012
883
1051
884
1816
1856
1020
1022
1021
1021
1021
1021
1021
1021
1024
1023
1812
1813
1814
1815
1856
841
841
841
841
841
1853
1854
972
991
988
999
990
1000
986
986
844
917
1047
1047
1047
907
908
897
898
1043
1044
1045
1046
895
892
900
900
900
892
892
892
892
892
892
892
968
968
968
968
1043
1044
1045
1046
967
967
967
1006
1017
1018
1043
1044
1045
1046
1019
1019
1019
995
996
1043
1044
1045
1046
913
978
1002
979
981
982
980
977
984
976
992
1005
989
1010
1008
1026
1032
994
1004
905
894
899
888
889
891
892
890
892
892
892
892
1028
1031
1009
969
998
971
904
-1
843
-1
843
-1
843
949
1037
949
1038
1039
949
1037
917
1037
918
917
926
939
932
922
931
1038
1039
1816
1038
1039
1856
1020
1022
1021
1021
1021
1023
1812
917
917
1813
1814
1815
918
926
917
841
841
918
939
917
926
939
932
922
931
932
922
931
841
1816
841
841
1816
1852
1856
1020
1022
1856
1021
1021
1021
966
1020
942
844
1022
1021
1021
1021
1051
1026
1032
1023
1812
1023
1812
1813
1814
1815
1813
1814
1815
841
841
841
841
841
841
841
841
841
841
932
936
1852
938
1852
925
1028
1031
966
942
844
966
1051
942
844
1051
1026
1026
1032
1032
921
916
913
915
912
909
914
910
911
937
929
932
960
932
936
938
925
936
1028
938
1031
925
953
954
965
958
955
959
1028
1851
1031
961
964
950
956
962
963
949
921
916
913
915
912
948
947
945
921
916
946
943
1840
913
915
912
923
909
914
910
911
937
929
960
909
914
910
911
937
929
960
953
954
965
958
886
903
1040
955
959
924
928
1851
953
954
965
958
955
959
906
1851
961
964
950
956
949
962
963
961
964
950
956
962
963
949
845
846
948
947
945
1840
943
940
948
930
947
945
943
1840
946
923
946
923
886
903
1040
924
928
886
903
1040
924
928
906
906
845
846
940
930
845
846
940
930
-1
843
1037
1039
1038
972
913
991
988
999
990
1000
986
986
844
917
1047
1047
1047
907
908
897
898
1044
1045
1043
1046
895
892
892
892
892
892
892
892
892
900
900
900
968
968
968
968
1043
1044
1045
1046
967
967
967
1006
1017
1018
1043
1044
1045
1046
1019
1019
1019
1013
1014
883
884
1816
1856
1020
1022
1021
1021
1021
1021
1021
1021
1023
1812
1813
1814
1815
1856
841
841
841
1015
841
841
-1
843
1247
882
881
1338
882
1079
1070
1332
1334
1327
1073
1068
1250
1074
1077
1075
1076
1037
1038
1039
1083
1069
1071
1247
1290
1325
1047
1048
1047
1047
882
1295
1295
1319
1316
1308
1308
1313
1309
1254
1320
1306
1326
881
1148
1151
1818
1249
1816
1856
1020
1022
1021
1021
1021
1021
1021
1021
1339
1023
1812
1813
1814
1815
1856
1042
1041
1042
841
841
841
1340
841
841
1026
1032
1078
1028
1031
1248
1041
1042
1042
1257
1257
1258
1333
1335
1336
1336
1055
1080
1081
1082
1072
1325
1026
1032
1028
1078
1031
1051
1026
1032
1078
1028
1031
1026
1032
1078
1028
1031
-1
843
1337
-1
843
1248
1256
-1
843
1140
1141
1142
1059
1060
1058
1061
1062
1066
1067
1145
1056
1057
1037
1140
1141
1142
1038
1039
1144
1092
1092
1093
1065
1064
1100
1126
1140
1141
1142
1063
1121
1138
1139
881
1338
1131
1132
1133
1129
1134
1137
1129
881
1104
1338
1096
1094
1026
1032
1060
1059
1062
1058
1061
1066
1067
1028
1078
1145
1031
1146
1026
1032
1078
1028
1031
1124
1056
1057
1101
1102
1869
1147
1816
1060
1037
1059
1058
1062
1066
1061
1067
1145
1056
1057
1856
1020
1022
1021
1021
1021
1021
1021
1021
1038
1039
1144
1037
1092
1092
1038
1039
1093
1065
1064
1100
1126
1144
1092
1063
1092
1121
1138
1139
881
1338
1131
1132
1133
1129
1134
1137
1129
1104
881
1338
1096
1094
1093
1065
1064
1100
1126
1063
1026
1121
1138
1139
881
1338
1129
1134
1129
1131
1132
1133
1137
1104
881
1338
1096
1094
1032
1339
1023
1812
1813
1814
1026
1815
1856
841
841
1028
1078
1031
1146
1026
1032
1028
1031
1032
1078
1124
1101
1102
1869
1147
1816
1078
1028
1031
1146
1026
1032
1078
1028
1031
1124
1856
1101
1102
1869
1020
1147
1022
1021
1021
1021
1021
1021
1021
1816
1856
1020
1022
1021
1021
1021
1021
1021
1021
1339
1023
1812
1813
1814
1815
1856
841
841
841
1340
841
841
1095
1051
1052
1339
1023
1812
1813
1814
1815
1856
841
841
1251
1292
1097
839
839
1301
841
1340
841
841
1095
1052
1051
841
841
841
1340
1095
1052
1051
1251
1292
1301
839
1097
839
1251
1292
1301
839
1097
839
902
902
885
935
935
935
919
933
919
1817
919
1817
887
902
885
902
935
935
935
919
919
933
919
1817
1817
887
885
902
902
935
935
935
919
933
919
1817
919
1817
887
885
902
902
935
935
935
919
933
919
919
1817
1817
887
902
902
885
935
935
935
919
933
919
1817
919
1817
887
902
902
902
1834
885
1831
1833
935
935
919
933
919
1817
887
885
902
902
902
1831
1833
1834
935
935
919
933
919
1817
887
902
902
885
902
1831
1833
1834
935
935
919
933
919
1817
887
902
902
902
1831
1833
1834
885
935
935
919
933
919
1817
887
885
902
902
902
1831
1833
1834
935
935
919
933
919
1817
887
885
902
902
902
1831
1833
1834
935
935
919
933
919
1817
887
885
902
902
902
1831
1833
1834
935
935
919
919
933
1817
887
902
902
902
885
1831
1833
1834
935
935
919
919
933
887
1817
885
902
902
902
1831
1833
1834
935
935
919
919
933
1817
887
885
902
902
902
1831
1833
1834
935
935
919
933
919
1817
887
902
902
902
1831
1833
1834
885
935
935
919
933
919
1817
887
902
902
902
1831
1833
1834
885
935
935
919
919
933
1817
887
885
902
902
902
1831
1833
1834
935
935
919
933
919
1817
887
885
902
902
902
1831
1833
1834
935
935
919
933
919
1817
887
902
902
902
1831
1833
1834
885
935
935
919
919
933
1817
887
885
902
902
902
1831
1833
1834
935
935
919
933
919
1817
887
902
902
902
1831
1833
1834
885
935
935
919
919
933
1817
887
885
902
902
902
1831
1833
1834
935
935
919
933
919
1817
887
885
902
902
902
1831
1833
1834
935
935
919
933
919
1817
887
885
902
902
902
1831
1833
1834
935
935
919
933
919
1817
887
902
902
902
1831
1833
1834
885
935
935
919
933
919
1817
887
885
902
902
902
1831
1833
1834
935
935
919
933
887
919
1817
885
902
902
902
1831
1833
1834
935
935
919
919
933
1817
887
902
885
902
902
1831
1833
1834
935
935
919
919
933
1817
887
885
902
902
902
1831
1833
1834
935
935
919
933
919
1817
887
885
902
902
902
1831
1833
1834
935
935
919
933
919
1817
887
902
902
902
1831
1833
1834
885
935
935
919
933
919
1817
887
885
902
902
902
1831
1833
1834
935
935
919
933
919
1817
887
885
902
902
902
1831
1833
1834
935
935
919
933
919
1817
887
885
902
902
902
1831
1833
1834
935
935
919
933
887
919
1817
885
902
902
902
1831
1833
1834
935
935
919
933
919
1817
887
885
902
902
902
1831
1833
1834
935
935
919
919
933
1817
887
902
902
902
1834
885
1831
1833
935
935
919
933
919
1817
887
885
902
902
902
1831
1833
1834
935
935
919
919
933
1817
887
885
902
902
902
1831
1833
1834
935
935
919
919
933
1817
887
885
902
902
902
1831
1833
1834
935
935
919
919
933
1817
887
885
902
902
902
1831
1833
1834
935
935
919
933
919
1817
887
885
902
902
902
1831
1833
1834
935
935
919
933
919
1817
887
885
902
902
902
1831
1833
1834
935
935
919
933
919
1817
887
902
885
902
902
1831
1833
1834
935
935
919
933
919
1817
887
885
902
902
902
1831
1833
1834
935
935
919
919
933
1817
887
885
902
902
902
1831
1833
1834
935
935
919
933
919
1817
887
902
902
902
1831
1833
1834
885
935
935
919
933
919
1817
887
902
902
902
1834
885
1831
1833
935
935
919
919
933
887
1817
902
902
902
1831
1834
885
1833
935
935
919
933
919
1817
887
902
902
902
885
1831
1833
1834
935
935
919
919
933
1817
887
902
885
902
902
1831
1833
1834
935
935
919
933
919
1817
887
885
902
902
902
1831
1833
1834
935
935
919
919
933
1817
887
902
902
902
1834
885
1831
1833
935
935
919
933
887
919
1817
902
902
902
1834
885
1831
1833
935
935
919
933
919
1817
887
902
885
902
902
1831
1833
1834
935
935
919
933
919
1817
887
885
902
902
902
1831
1833
1834
935
935
919
919
933
1817
887
902
902
902
1831
1833
1834
885
935
935
919
919
933
1817
887
902
885
902
902
1831
1833
1834
935
935
919
933
919
1817
887
902
902
902
1831
1833
1834
885
935
935
919
933
887
919
1817
885
902
902
902
1831
1833
1834
935
935
919
919
933
1817
887
885
902
902
902
1831
1833
1834
935
935
919
933
919
1817
887
885
902
902
902
1831
1833
1834
935
935
919
933
887
919
1817
902
902
902
1831
1833
1834
885
935
935
919
933
919
1817
887
885
902
902
902
1831
1833
1834
935
935
919
919
933
1817
887
885
902
902
902
1831
1833
1834
935
935
919
933
919
887
1817
902
902
902
1831
1833
1834
885
935
935
919
919
933
887
1817
902
902
902
885
1831
1833
1834
935
935
919
919
933
1817
887
885
902
902
902
1831
1833
1834
935
935
919
933
887
919
1817
885
902
902
902
1831
1833
1834
935
935
919
919
933
1817
887
885
902
902
902
1831
1833
1834
935
935
919
933
887
919
1817
885
902
902
902
1831
1833
1834
935
935
919
933
887
919
1817
902
902
902
1831
1833
1834
885
935
935
919
919
933
1817
887
885
902
902
902
1831
1833
1834
935
935
919
919
933
1817
887
885
902
902
902
1831
1833
1834
935
935
919
933
887
919
1817
885
902
902
902
1831
1833
1834
935
935
919
933
887
919
1817
885
902
902
902
1831
1833
1834
935
935
919
919
933
1817
887
885
902
902
902
1831
1833
1834
935
935
919
887
919
933
1817
885
902
902
902
1831
1833
1834
935
935
919
919
933
1817
987
902
902
902
902
902
902
902
902
902
902
902
902
902
1830
1830
1830
1832
1832
1832
1834
1834
1834
1834
1834
1834
902
902
902
1830
1832
1834
1834
887
885
902
902
935
935
935
919
933
919
1817
919
1817
887
885
902
902
935
935
935
919
919
933
1817
919
887
1817
885
902
902
935
935
935
919
933
919
1817
919
1817
887
885
902
902
935
935
935
919
933
919
919
1817
1817
887
885
902
902
935
935
935
919
933
919
1817
919
887
1817
885
902
902
935
935
935
919
933
919
1817
919
1817
887
885
902
902
935
935
935
919
919
933
1817
919
1817
887
902
902
885
935
935
935
919
933
919
919
1817
887
1817
885
902
902
935
935
935
919
919
933
1817
887
919
1817
902
902
885
935
935
935
919
919
933
1817
919
1817
887
885
902
902
935
935
935
919
933
919
919
1817
1817
887
885
902
902
935
935
935
919
919
933
1817
919
1817
887
885
902
902
935
935
935
919
919
933
1817
887
919
1817
885
902
902
935
935
935
919
919
933
1817
919
1817
887
885
902
902
935
935
935
919
933
919
1817
919
1817
887
885
902
902
935
935
935
919
933
919
919
1817
887
1817
885
902
902
935
935
935
919
933
919
1817
919
1817
887
885
902
902
935
935
935
919
933
919
919
1817
1817
887
885
902
902
935
935
935
919
919
933
1817
919
1817
887
885
902
902
935
935
935
919
919
933
1817
919
1817
887
885
902
902
935
935
935
919
919
933
1817
919
1817
887
885
902
902
935
935
935
919
933
919
1817
919
887
1817
885
902
902
935
935
935
919
919
933
1817
919
1817
887
885
902
902
935
935
935
919
919
933
1817
887
919
1817
885
902
902
935
935
935
919
919
919
933
1817
887
1817
885
902
902
935
935
935
919
919
933
1817
919
1817
887
885
902
902
935
935
935
919
933
919
1817
919
1817
887
885
902
902
935
935
935
919
933
919
919
1817
1817
887
885
902
902
935
935
935
919
919
933
1817
887
919
1817
885
902
902
935
935
935
919
933
919
919
1817
1817
887
885
902
902
935
935
935
919
933
919
1817
887
919
1817
902
902
885
935
935
935
919
919
933
919
1817
1817
887
885
902
902
935
935
935
919
919
933
1817
919
1817
887
902
902
885
935
935
935
919
933
919
919
1817
1817
887
902
885
902
935
935
935
919
933
919
919
1817
1817
887
885
902
902
935
935
935
919
933
919
919
1817
1817
887
885
902
902
935
935
935
919
933
919
1817
887
919
1817
902
902
885
935
935
935
919
919
933
1817
919
1817
887
885
902
902
935
935
935
919
933
919
1817
887
919
1817
885
902
902
935
935
935
919
919
933
1817
887
919
1817
885
902
902
935
935
935
919
919
919
933
1817
887
1817
885
902
902
935
935
935
919
933
919
1817
919
887
1817
902
902
885
935
935
935
919
919
933
1817
919
1817
887
885
902
902
935
935
935
919
919
933
919
1817
1817
887
902
902
885
935
935
935
919
919
933
1817
887
919
1817
885
902
902
935
935
935
919
919
933
919
1817
1817
887
885
902
902
935
935
935
919
919
933
919
1817
1817
887
885
902
902
935
935
935
919
919
933
919
1817
1817
887
885
902
902
935
935
935
919
933
919
1817
919
1817
887
885
902
902
935
935
935
919
933
919
919
1817
1817
887
885
902
902
935
935
935
919
919
933
1817
887
919
1817
885
902
902
935
935
935
919
919
919
933
1817
887
1817
885
902
902
935
935
935
919
933
919
919
1817
1817
887
885
902
902
935
935
935
919
933
919
919
1817
1817
887
885
902
902
935
935
935
919
919
933
1817
887
919
1817
885
902
902
935
935
935
919
919
933
1817
919
1817
887
885
902
902
935
935
935
919
919
933
919
1817
887
1817
885
902
902
935
935
935
919
919
933
1817
919
1817
887
885
902
902
935
935
935
919
919
933
1817
919
1817
887
902
885
902
935
935
935
919
919
933
1817
887
919
1817
885
902
902
935
935
935
919
919
933
919
1817
1817
887
885
902
902
935
935
935
919
919
933
1817
919
1817
887
885
902
902
935
935
935
919
933
919
919
1817
1817
887
902
902
885
935
935
935
919
919
933
1817
919
1817
887
885
902
902
935
935
935
919
919
933
1817
919
1817
887
902
902
885
935
935
935
919
919
933
1817
887
919
1817
885
902
902
935
935
935
919
933
919
1817
887
919
1817
885
902
902
935
935
935
919
933
919
919
1817
1817
887
885
902
902
935
935
935
919
919
919
933
1817
887
1817
902
902
885
935
935
935
919
933
919
919
1817
887
1817
885
902
902
935
935
935
919
919
933
1817
887
919
1817
885
902
902
935
935
935
919
919
919
933
1817
1817
887
885
902
902
935
935
935
919
933
919
919
1817
1817
887
902
902
885
935
935
935
919
933
919
1817
919
1817
887
885
902
902
935
935
935
919
933
919
919
1817
1817
887
902
885
902
935
935
935
919
933
919
919
1817
887
1817
885
902
902
935
935
935
919
933
919
1817
887
919
1817
885
902
902
935
935
935
919
933
919
919
1817
1817
887
902
902
885
935
935
935
919
933
919
919
1817
1817
887
885
902
902
935
935
935
919
933
919
919
1817
887
1817
885
902
902
935
935
935
919
933
919
919
1817
1817
887
902
902
885
935
935
935
919
933
919
1817
919
1817
887
885
902
902
935
935
935
919
919
933
1817
919
1817
887
885
902
902
935
935
935
919
919
933
919
1817
1817
887
885
902
902
935
935
935
919
933
919
1817
919
1817
887
885
902
902
935
935
935
919
919
933
1817
887
919
1817
885
902
902
935
935
935
919
933
919
919
1817
1817
887
885
902
902
935
935
935
919
919
933
1817
919
1817
887
902
885
902
935
935
935
919
933
919
1817
887
919
1817
885
902
902
935
935
935
919
919
933
1817
919
1817
887
885
902
902
935
935
935
919
933
919
919
1817
1817
887
885
902
902
935
935
935
919
933
919
1817
887
919
1817
885
902
902
935
935
935
919
919
933
1817
887
919
1817
885
902
902
935
935
935
919
919
933
1817
887
919
1817
885
902
902
935
935
935
919
919
933
1817
919
1817
887
885
902
902
935
935
935
919
933
919
919
1817
1817
887
885
902
902
935
935
935
919
919
933
887
919
1817
1817
885
902
902
935
935
935
919
919
933
1817
887
919
1817
885
902
902
935
935
935
919
919
933
1817
919
1817
887
885
902
902
935
935
935
919
933
919
919
1817
1817
887
885
902
902
935
935
935
919
919
933
1817
919
1817
887
885
902
902
935
935
935
919
933
919
919
1817
1817
887
885
902
902
935
935
935
919
933
919
919
1817
1817
887
902
902
885
935
935
935
919
933
919
919
1817
1817
887
885
902
902
935
935
935
919
933
919
919
1817
1817
887
885
902
902
935
935
935
919
919
933
1817
919
1817
887
885
902
902
935
935
935
919
933
919
1817
887
919
1817
902
902
885
935
935
935
919
919
933
1817
919
1817
887
885
902
902
935
935
935
919
919
933
1817
887
919
1817
902
902
885
935
935
935
919
919
933
1817
919
1817
887
885
902
902
935
935
935
919
933
919
1817
887
919
1817
885
902
902
935
935
935
919
919
933
1817
919
1817
887
885
902
902
935
935
935
919
919
933
1817
887
919
1817
885
902
902
935
935
935
919
919
933
1817
887
919
1817
885
902
902
935
935
935
919
933
919
919
1817
1817
887
885
902
902
935
935
935
919
933
919
919
1817
1817
887
885
902
902
935
935
935
919
919
933
1817
919
1817
887
885
902
902
935
935
935
919
919
933
919
1817
1817
887
885
902
902
935
935
935
919
919
933
1817
887
919
1817
902
902
885
935
935
935
919
919
933
919
1817
1817
887
902
902
885
935
935
935
919
933
919
1817
887
919
1817
885
902
902
935
935
935
919
933
919
919
1817
887
1817
885
902
902
935
935
935
919
919
933
1817
919
1817
887
885
902
902
935
935
935
919
933
919
919
1817
1817
887
885
902
902
935
935
935
919
919
933
1817
887
919
1817
885
902
902
935
935
935
919
919
933
1817
887
919
1817
885
902
902
935
935
935
919
919
933
919
1817
1817
887
885
902
902
935
935
935
919
933
919
919
1817
887
1817
885
902
902
935
935
935
919
933
919
919
1817
887
1817
885
902
902
935
935
935
919
933
919
919
1817
1817
887
885
902
902
935
935
935
919
919
933
919
1817
1817
887
885
902
902
935
935
935
919
919
933
919
1817
1817
887
885
902
902
935
935
935
919
919
933
1817
887
919
1817
885
902
902
935
935
935
919
919
933
1817
919
1817
887
885
902
902
935
935
935
919
919
933
1817
919
1817
887
885
902
902
935
935
935
919
919
933
1817
919
1817
887
885
902
902
935
935
935
919
919
933
887
919
1817
1817
902
902
885
935
935
935
919
919
933
1817
919
1817
887
885
902
902
935
935
935
919
933
919
919
1817
1817
887
885
902
902
935
935
935
919
919
933
1817
887
919
1817
902
902
885
935
935
935
919
933
919
919
1817
1817
887
885
902
902
935
935
935
919
919
919
933
1817
887
1817
902
885
902
935
935
935
919
919
933
1817
887
919
1817
902
885
902
935
935
935
919
919
933
919
1817
1817
887
902
902
885
935
935
935
919
919
933
887
919
1817
1817
885
902
902
935
935
935
919
933
919
1817
887
919
1817
885
902
902
935
935
935
919
919
933
1817
919
1817
887
885
902
902
935
935
935
919
919
933
1817
919
1817
887
885
902
902
935
935
935
919
919
933
919
1817
1817
887
885
902
902
935
935
935
919
933
919
919
1817
1817
887
885
902
902
935
935
935
919
919
933
1817
887
919
1817
885
902
902
935
935
935
919
919
933
1817
919
1817
887
885
902
902
935
935
935
919
933
919
1817
887
919
1817
885
902
902
935
935
935
919
933
919
919
1817
887
1817
885
902
902
935
935
935
919
933
919
919
1817
1817
887
902
902
885
935
935
935
919
933
919
919
1817
1817
887
885
902
902
935
935
935
919
919
933
1817
887
919
1817
885
902
902
935
935
935
919
919
933
919
1817
1817
887
885
902
902
935
935
935
919
919
933
1817
887
919
1817
885
902
902
935
935
935
919
919
933
1817
887
919
1817
885
902
902
935
935
935
919
919
933
1817
919
1817
887
885
902
902
935
935
935
919
933
919
1817
887
919
1817
885
902
902
935
935
935
919
933
919
1817
887
919
1817
885
902
902
935
935
935
919
919
933
1817
919
1817
887
885
902
902
935
935
935
919
919
933
1817
919
1817
887
885
902
902
935
935
935
919
919
933
1817
919
1817
887
902
902
885
935
935
935
919
933
919
1817
919
1817
887
885
902
902
935
935
935
919
919
933
1817
919
1817
887
885
902
902
935
935
935
919
919
933
919
1817
1817
887
902
885
902
935
935
935
919
919
919
933
1817
887
1817
885
902
902
935
935
935
919
919
933
1817
887
919
1817
885
902
902
935
935
935
919
919
919
933
1817
887
1817
885
902
902
935
935
935
919
933
919
919
1817
887
1817
885
902
902
935
935
935
919
919
933
1817
919
1817
887
885
902
902
935
935
935
919
933
919
919
1817
887
1817
902
902
885
935
935
935
919
919
933
1817
919
1817
887
902
902
885
935
935
935
919
933
919
919
1817
887
1817
885
902
902
935
935
935
919
919
933
1817
919
1817
887
885
902
902
935
935
935
919
919
933
1817
887
919
1817
902
902
885
935
935
935
919
919
933
1817
919
1817
887
885
902
902
902
902
902
902
935
935
935
919
933
919
919
1817
1817
887
902
885
902
920
920
935
935
935
919
933
919
919
1817
887
1817
902
935
935
885
902
927
927
934
934
935
935
935
919
919
933
1817
887
919
1817
885
902
902
935
935
935
919
933
919
919
1817
1817
887
885
902
902
935
935
935
919
933
919
919
1817
1817
887
885
902
902
935
935
935
919
919
919
933
1817
887
1817
885
902
902
935
935
935
919
919
933
1817
919
887
1817
885
902
902
935
935
935
919
933
919
919
1817
1817
887
885
902
902
935
935
935
919
919
933
919
1817
1817
887
885
902
902
935
935
935
919
919
919
933
1817
1817
887
885
902
902
935
935
935
919
919
933
1817
887
919
1817
885
902
902
935
935
935
919
919
933
1817
887
919
1817
885
902
902
935
935
935
919
933
919
919
1817
1817
887
885
902
902
935
935
935
919
919
919
933
1817
1817
887
885
902
902
902
920
1831
1833
1834
920
935
935
919
919
933
1817
887
902
885
902
935
935
935
919
919
933
1817
919
887
927
927
902
902
885
935
934
1817
934
935
935
935
935
919
919
933
1817
887
919
1817
885
902
902
935
935
935
919
919
933
1817
887
919
1817
885
902
902
935
935
935
919
919
933
919
1817
1817
887
885
902
902
935
935
935
919
933
919
919
1817
1817
887
885
902
902
935
935
935
919
919
933
919
1817
1817
887
902
902
885
935
935
935
919
933
919
919
1817
887
1817
885
902
902
935
935
935
919
919
933
1817
919
1817
887
902
902
885
935
935
935
919
933
919
919
1817
1817
887
885
902
902
935
935
935
919
933
919
1817
919
1817
887
902
902
885
935
935
935
919
933
919
919
1817
887
1817
885
902
902
935
935
935
919
933
919
1817
887
919
1817
885
902
902
935
935
935
919
919
933
919
1817
1817
887
885
902
902
935
935
935
919
919
933
1817
887
919
1817
885
902
902
935
935
935
919
919
919
933
1817
1817
887
885
902
902
935
935
935
919
933
919
1817
887
919
1817
902
902
885
935
935
935
919
919
933
1817
887
919
1817
885
902
902
935
935
935
919
919
933
1817
919
1817
887
902
902
885
935
935
935
919
933
919
919
1817
1817
887
885
902
902
935
935
935
919
933
919
919
1817
1817
887
885
902
902
935
935
935
919
919
933
1817
887
919
1817
885
902
902
935
935
935
919
919
933
887
919
1817
1817
885
902
902
935
935
935
919
919
933
1817
887
919
1817
885
902
902
935
935
935
919
919
919
933
1817
1817
887
885
902
902
935
935
935
919
933
919
919
1817
1817
887
885
902
902
935
935
935
919
933
887
919
919
1817
1817
885
902
902
935
935
935
919
919
933
1817
887
919
1817
885
902
902
935
935
935
919
933
919
919
1817
887
1817
885
902
902
935
935
935
919
919
933
1817
919
1817
887
885
902
902
935
935
935
919
919
933
887
919
1817
1817
902
885
902
935
935
935
919
933
919
919
1817
1817
887
885
902
902
935
935
935
919
919
933
1817
887
919
1817
902
902
885
935
935
935
919
919
919
933
887
1817
1817
885
902
902
935
935
935
919
919
919
933
1817
1817
887
885
902
902
935
935
935
919
933
919
919
1817
1817
887
885
902
902
935
935
935
919
933
919
919
1817
1817
887
885
902
902
935
935
935
919
933
919
919
1817
1817
887
902
885
902
935
935
935
919
919
933
919
1817
1817
887
885
902
902
935
935
935
919
933
919
919
1817
1817
887
902
885
902
935
935
935
919
933
919
919
1817
887
1817
885
902
902
935
935
935
919
919
933
1817
919
1817
887
885
902
902
935
935
935
919
933
919
919
1817
1817
887
885
902
902
935
935
935
919
933
919
919
1817
1817
887
885
902
902
935
935
935
919
919
919
933
1817
887
1817
902
902
885
935
935
935
919
919
933
1817
919
1817
887
885
902
902
935
935
935
919
933
919
919
1817
1817
887
885
902
902
935
935
935
919
919
933
1817
919
1817
887
885
902
902
935
935
935
919
933
919
1817
887
919
1817
885
902
902
935
935
935
919
919
919
933
1817
887
1817
885
902
902
935
935
935
919
933
919
1817
919
1817
887
885
902
902
935
935
935
919
933
919
1817
919
1817
887
885
902
902
935
935
935
919
919
933
1817
919
1817
887
885
902
902
935
935
935
919
919
933
1817
887
919
1817
885
902
902
935
935
935
919
919
933
1817
919
1817
887
885
902
902
935
935
935
919
919
933
1817
887
919
1817
885
902
902
935
935
935
919
919
933
1817
919
1817
887
885
902
902
935
935
935
919
919
933
919
1817
1817
887
885
902
902
935
935
935
919
919
933
1817
919
887
1817
885
902
902
935
935
935
919
933
919
1817
887
919
1817
885
902
902
935
935
935
919
919
933
1817
887
919
1817
885
902
902
935
935
935
919
933
919
919
1817
1817
887
885
902
902
935
935
935
919
919
933
919
1817
1817
887
885
902
902
935
935
935
919
933
919
1817
887
919
1817
885
902
902
935
935
935
919
919
933
1817
919
1817
887
885
902
902
935
935
935
919
933
919
919
1817
887
1817
885
902
902
935
935
935
919
919
933
1817
887
919
1817
885
902
902
935
935
935
919
933
919
1817
919
1817
887
885
902
902
935
935
935
919
919
933
1817
887
919
1817
885
902
902
935
935
935
919
933
919
1817
887
919
1817
885
902
902
935
935
935
919
919
933
1817
887
919
1817
885
902
902
935
935
935
919
933
919
1817
887
919
1817
885
902
902
935
935
935
919
933
919
919
1817
1817
887
885
902
902
935
935
935
919
933
919
919
1817
1817
887
885
902
902
935
935
935
919
933
919
919
1817
1817
887
885
902
902
935
935
935
919
919
933
1817
919
1817
887
902
885
902
935
935
935
919
933
919
1817
919
1817
887
885
902
902
935
935
935
919
919
933
919
1817
1817
887
885
902
902
935
935
935
919
919
933
919
1817
1817
887
885
902
902
935
935
935
919
919
933
1817
919
1817
887
885
902
902
935
935
935
919
933
919
1817
919
1817
887
885
902
902
935
935
935
919
933
919
919
1817
1817
887
885
902
902
935
935
935
919
919
933
1817
887
919
1817
885
902
902
935
935
935
919
933
919
919
1817
887
1817
885
902
902
935
935
935
919
919
919
933
1817
887
1817
885
902
902
935
935
935
919
919
933
1817
887
919
1817
885
902
902
935
935
935
919
933
919
1817
887
919
1817
885
902
902
935
935
935
919
933
919
1817
887
919
1817
885
902
902
935
935
935
919
919
933
1817
887
919
1817
885
902
902
935
935
935
919
933
919
919
1817
1817
887
902
902
885
935
935
935
919
933
919
919
1817
1817
887
885
902
902
935
935
935
919
933
919
919
1817
1817
887
885
902
902
935
935
935
919
933
919
919
1817
1817
887
885
902
902
935
935
935
919
919
933
1817
887
919
1817
885
902
902
935
935
935
919
933
919
1817
887
919
1817
885
902
902
935
935
935
919
919
933
1817
887
919
1817
885
902
902
935
935
935
919
933
919
919
1817
1817
887
885
902
902
935
935
935
919
919
933
1817
887
919
1817
885
902
902
935
935
935
919
919
919
933
1817
1817
887
885
902
902
935
935
935
919
919
933
1817
919
1817
887
885
902
902
935
935
935
919
919
933
1817
887
919
1817
885
902
902
935
935
935
919
933
919
1817
887
919
1817
885
902
902
935
935
935
919
919
919
933
1817
887
1817
885
902
902
935
935
935
919
933
919
919
1817
887
1817
885
902
902
935
935
935
919
919
933
887
919
1817
1817
885
902
902
935
935
935
919
933
919
1817
887
919
1817
885
902
902
935
935
935
919
933
919
919
1817
1817
887
885
902
902
935
935
935
919
933
919
919
1817
1817
887
885
902
902
935
935
935
919
919
933
1817
887
919
1817
885
902
902
935
935
935
919
919
933
1817
887
919
1817
885
902
902
935
935
935
919
933
919
919
1817
1817
887
885
902
902
935
935
935
919
933
919
919
1817
1817
887
885
902
902
935
935
935
919
919
933
887
919
1817
1817
885
902
902
935
935
935
919
919
933
1817
887
919
1817
885
902
902
935
935
935
919
933
919
919
1817
1817
887
885
902
902
935
935
935
919
919
933
1817
887
919
1817
885
902
902
935
935
935
919
933
919
919
1817
1817
887
885
902
902
935
935
935
919
919
933
1817
887
919
1817
885
902
902
935
935
935
919
919
933
1817
887
919
1817
885
902
902
935
935
935
919
933
919
919
1817
887
1817
885
902
902
935
935
935
919
919
933
1817
887
919
1817
885
902
902
935
935
935
919
933
919
1817
887
919
1817
885
902
902
935
935
935
919
933
919
1817
887
919
1817
885
902
902
935
935
935
919
919
933
1817
887
919
1817
885
902
902
935
935
935
919
919
933
1817
919
1817
887
885
902
902
935
935
935
919
933
919
919
1817
1817
887
885
902
902
935
935
935
919
933
919
1817
919
887
1817
885
902
902
935
935
935
919
919
933
919
1817
887
1817
902
885
902
935
935
935
919
933
919
1817
919
1817
887
902
902
885
935
935
935
919
933
919
1817
919
1817
887
902
902
885
935
935
935
919
933
919
919
1817
1817
887
885
902
902
935
935
935
919
919
919
933
1817
887
1817
885
902
902
935
935
935
919
933
919
1817
887
919
1817
902
902
885
935
935
935
919
919
933
887
919
1817
1817
902
902
885
935
935
935
919
933
919
1817
887
919
1817
885
902
902
935
935
935
919
933
919
1817
887
919
1817
885
902
902
935
935
935
919
933
919
919
1817
1817
887
885
902
902
935
935
935
919
933
919
1817
887
919
1817
885
902
902
935
935
935
919
919
933
1817
887
919
1817
885
902
902
935
935
935
919
919
933
1817
887
919
1817
885
902
902
935
935
935
919
933
919
919
1817
887
1817
885
902
902
935
935
935
919
919
933
1817
919
1817
887
885
902
902
935
935
935
919
933
919
919
1817
1817
887
885
902
902
935
935
935
919
933
887
919
919
1817
1817
885
902
902
935
935
935
919
933
919
1817
887
919
1817
902
885
902
935
935
935
919
919
933
1817
887
919
1817
885
902
902
935
935
935
919
919
933
1817
919
1817
887
885
902
902
935
935
935
919
919
919
933
1817
1817
887
885
902
902
935
935
935
919
919
933
1817
887
919
1817
885
902
902
935
935
935
919
919
919
933
1817
1817
887
885
902
902
935
935
935
919
919
919
933
1817
887
1817
885
902
902
935
935
935
919
919
933
1817
887
919
1817
885
902
902
935
935
935
919
919
919
933
1817
887
1817
885
902
902
935
935
935
919
933
919
1817
887
919
1817
885
902
902
935
935
935
919
933
919
1817
887
919
1817
885
902
902
935
935
935
919
933
919
919
1817
1817
887
885
902
902
935
935
935
919
933
887
919
919
1817
1817
902
902
885
935
935
935
919
919
933
887
919
1817
1817
885
902
902
935
935
935
919
933
919
919
1817
887
1817
885
902
902
935
935
935
919
919
933
1817
919
1817
887
885
902
902
935
935
935
919
919
933
919
1817
887
1817
885
902
902
935
935
935
919
919
933
1817
887
919
1817
885
902
902
935
935
935
919
919
933
1817
887
919
1817
885
902
902
935
935
935
919
933
919
919
1817
1817
887
902
902
885
935
935
935
919
933
919
1817
887
919
1817
885
902
902
935
935
935
919
933
919
1817
887
919
1817
885
902
902
935
935
935
919
933
919
1817
887
919
1817
885
902
902
935
935
935
919
919
933
1817
887
919
1817
885
902
902
935
935
935
919
919
933
1817
887
919
1817
885
902
902
935
935
935
919
919
933
1817
887
919
1817
885
902
902
935
935
935
919
933
887
919
919
1817
1817
885
902
902
935
935
935
919
933
919
887
919
1817
1817
885
902
902
935
935
935
919
919
933
919
1817
1817
887
885
902
902
935
935
935
919
919
933
1817
887
919
1817
885
902
902
935
935
935
919
933
887
919
919
1817
1817
885
902
902
935
935
935
919
933
919
1817
887
919
1817
885
902
902
935
935
935
919
919
933
1817
887
919
1817
885
902
902
935
935
935
919
919
933
1817
887
919
1817
885
902
902
935
935
935
919
933
919
887
919
1817
1817
885
902
902
935
935
935
919
919
933
1817
887
919
1817
885
902
902
935
935
935
919
933
919
919
1817
1817
887
885
902
902
935
935
935
919
919
933
1817
919
1817
887
885
902
902
935
935
935
919
919
933
1817
887
919
1817
885
902
902
935
935
935
919
933
919
1817
887
919
1817
885
902
902
935
935
935
919
919
1817
919
933
1817
887
885
902
902
935
935
935
919
933
919
919
1817
1817
887
885
902
902
935
935
935
919
933
887
919
919
1817
1817
885
902
902
935
935
935
919
933
919
1817
887
919
1817
885
902
902
935
935
935
919
919
933
1817
919
1817
887
885
902
902
935
935
935
919
933
919
919
1817
1817
887
885
902
902
935
935
935
919
933
919
919
1817
1817
887
885
902
902
935
935
935
919
919
933
1817
887
919
1817
902
902
885
935
935
935
919
933
919
919
1817
1817
887
885
902
902
935
935
935
919
919
933
1817
887
919
1817
885
902
902
935
935
935
919
933
919
919
1817
1817
887
885
902
902
935
935
935
919
919
933
919
1817
1817
887
885
902
902
935
935
935
919
919
919
933
1817
887
1817
885
902
902
935
935
935
919
919
933
1817
887
919
1817
885
902
902
935
935
935
919
933
919
919
1817
1817
887
885
902
902
935
935
935
919
919
933
1817
887
919
1817
885
902
902
935
935
935
919
933
919
919
1817
1817
887
885
902
902
935
935
935
919
933
919
1817
887
919
1817
885
902
902
935
935
935
919
919
933
1817
919
1817
887
885
902
902
935
935
935
919
933
919
919
1817
887
1817
902
902
902
902
885
902
902
935
935
935
919
933
919
1817
919
920
920
887
935
1817
927
927
934
935
934
885
902
902
935
935
935
919
933
919
919
1817
1817
887
885
902
902
935
935
935
919
933
919
1817
919
1817
887
885
902
902
935
935
935
919
933
919
1817
919
1817
887
885
902
902
935
935
935
919
933
919
1817
919
1817
887
885
902
902
935
935
935
919
933
919
919
1817
1817
887
885
902
902
935
935
935
919
933
887
919
919
1817
1817
902
902
885
935
935
935
919
933
919
1817
919
1817
887
885
902
902
935
935
935
919
933
919
1817
887
919
1817
885
902
902
935
935
935
919
933
919
919
1817
1817
887
885
902
902
935
935
935
919
933
919
1817
919
887
1817
885
902
902
935
935
935
919
919
919
933
1817
1817
887
885
902
902
935
935
935
919
933
887
919
919
1817
1817
885
902
902
935
935
935
919
919
933
1817
887
919
1817
885
902
902
935
935
935
919
919
933
1817
887
919
1817
885
902
902
935
935
935
919
919
933
1817
919
1817
887
885
902
902
935
935
935
919
919
933
887
919
1817
1817
885
902
902
935
935
935
919
919
933
1817
887
919
1817
885
902
902
935
935
935
919
919
919
933
1817
1817
887
885
902
902
935
935
935
919
919
919
933
1817
887
1817
885
902
902
935
935
935
919
919
933
1817
887
919
1817
885
902
902
935
935
935
919
919
933
919
1817
1817
887
885
902
902
935
935
935
919
919
919
933
1817
1817
887
885
902
902
935
935
935
919
919
1817
887
919
920
933
1817
920
935
885
902
902
935
935
927
934
927
934
935
935
919
919
933
1817
919
1817
887
902
885
902
935
935
935
919
933
887
919
919
1817
1817
885
902
902
935
935
935
919
919
933
1817
887
919
1817
902
902
885
935
935
935
919
919
933
1817
887
919
1817
885
902
902
935
935
935
919
919
919
933
1817
1817
987
887
902
902
885
935
935
935
919
933
919
1817
919
1817
887
885
902
902
935
935
935
919
933
919
1817
919
1817
887
902
902
885
935
935
935
919
919
919
933
1817
887
1817
885
902
902
935
935
935
919
919
919
933
1817
887
1817
885
902
902
935
935
935
919
919
933
1817
887
919
1817
885
902
902
935
935
935
919
919
933
1817
919
1817
887
885
902
902
935
935
935
919
933
919
1817
887
919
1817
885
902
902
935
935
935
919
919
919
933
1817
1817
887
885
902
902
935
935
935
919
919
919
933
1817
1817
887
885
902
902
935
935
935
919
919
919
933
1817
1817
887
885
902
902
935
935
935
919
919
933
1817
887
919
1817
885
902
902
935
935
935
919
919
919
933
1817
1817
987
887
902
902
885
935
935
935
919
933
919
1817
919
1817
887
885
902
902
935
935
935
919
919
933
1817
887
919
1817
885
902
902
935
935
935
919
919
919
933
1817
887
1817
885
902
902
935
935
935
919
919
933
1817
887
919
1817
885
902
902
935
935
935
919
933
887
919
919
1817
1817
885
902
902
935
935
935
919
919
933
1817
919
1817
887
885
902
902
935
935
935
919
919
933
1817
919
1817
887
885
902
902
935
935
935
919
933
919
919
1817
1817
887
885
902
902
935
935
935
919
919
933
1817
887
919
1817
885
902
902
935
935
935
919
933
887
919
919
1817
1817
885
902
902
935
935
935
919
933
919
919
1817
1817
887
902
902
885
935
935
935
919
933
919
919
1817
1817
887
885
902
902
935
935
935
919
919
933
1817
919
1817
887
885
902
902
935
935
935
919
933
919
1817
887
919
1817
885
902
902
935
935
935
919
919
933
1817
919
1817
887
885
902
902
935
935
935
919
933
919
919
1817
1817
887
885
902
902
935
935
935
919
919
933
1817
887
919
1817
885
902
902
935
935
935
919
919
933
887
919
1817
1817
885
902
902
935
935
935
919
933
919
1817
887
919
1817
885
902
902
935
935
935
919
919
933
1817
887
919
1817
885
902
902
935
935
935
919
933
919
919
1817
1817
887
902
902
885
935
935
935
919
933
919
1817
887
919
1817
885
902
902
935
935
935
919
919
933
1817
887
919
1817
885
902
902
935
935
935
919
933
887
919
919
1817
1817
885
902
902
935
935
935
919
919
933
1817
887
919
1817
885
902
902
935
935
935
919
919
933
1817
919
1817
887
885
902
902
935
935
935
919
919
933
1817
919
1817
887
885
902
902
935
935
935
919
919
933
1817
919
1817
887
885
902
902
935
935
935
919
919
933
887
919
1817
1817
885
902
902
935
935
935
919
919
919
933
1817
1817
887
885
902
902
935
935
935
919
919
933
1817
887
919
1817
885
902
902
935
935
935
919
919
919
933
1817
1817
887
885
902
902
935
935
935
919
933
919
919
1817
1817
887
885
902
902
935
935
935
919
919
933
1817
887
919
1817
885
902
902
935
935
935
919
933
887
919
919
1817
1817
885
902
902
935
935
935
919
919
919
933
1817
887
1817
885
902
902
935
935
935
887
919
919
919
933
1817
1817
902
902
885
935
935
935
919
933
887
919
919
1817
1817
885
902
902
935
935
935
919
919
919
933
1817
887
1817
885
902
902
935
935
935
919
933
887
919
919
1817
1817
885
902
902
935
935
935
919
919
919
933
1817
1817
887
885
902
902
935
935
935
919
933
887
919
919
1817
1817
885
902
902
935
935
935
919
919
919
933
1817
1817
887
885
902
902
935
935
935
919
919
933
1817
887
919
1817
885
902
902
935
935
935
919
919
933
887
919
1817
1817
885
902
902
935
935
935
919
933
919
919
1817
1817
887
885
902
902
935
935
935
919
919
933
1817
919
887
1817
885
902
902
935
935
935
919
919
919
933
1817
887
1817
885
902
902
935
935
935
919
933
887
919
919
1817
1817
902
902
885
935
935
935
919
919
919
933
1817
1817
887
902
902
902
902
920
920
927
935
934
935
927
934
920
920
927
927
935
935
934
934
902
902
902
902
920
920
935
935
927
927
934
934
920
920
927
927
935
935
934
934
902
902
902
902
920
920
927
935
935
927
934
934
920
920
935
927
927
934
935
934
902
902
902
902
920
920
927
927
935
935
934
934
920
920
927
927
935
935
934
934
902
902
902
902
920
920
927
927
935
935
934
934
920
920
927
927
935
935
934
934
902
902
902
902
920
920
927
927
934
935
935
934
920
920
927
935
927
934
935
934
902
902
902
902
920
920
935
935
927
927
934
934
920
920
935
935
927
927
934
934
0
232
182
184
186
188
190
181
212
192
226
227
228
231
1859
194
193
213
221
219
217
218
220
69
85
82
86
68
68
68
68
68
68
68
68
83
87
92
93
74
84
71
109
111
113
114
103
103
103
103
116
69
71
83
84
85
86
92
1805
1806
77
78
233
234
902
902
902
902
920
920
927
927
935
935
934
934
920
920
935
927
934
935
927
934
902
902
902
902
920
920
935
927
927
935
934
934
920
920
927
935
935
934
934
927
902
902
902
920
920
935
935
934
934
927
927
920
935
927
934
902
902
902
902
920
920
935
935
927
927
934
934
973
974
975
997
974
1001
976
863
866
1016
851
864
866
1016
851
864
858
859
857
854
860
862
852
855
856
853
985
983
861
861
865
867
1003
1822
902
920
902
902
902
920
934
935
927
935
927
934
920
920
927
935
935
934
927
934
920
920
935
935
927
927
902
902
902
902
934
934
920
920
935
935
927
927
934
934
920
920
902
902
902
902
927
927
