-1
386
850
871
872
873
846
851
884
481
482
1317
1341
859
862
860
860
860
860
860
860
864
863
1313
1314
1315
1316
1341
385
385
385
385
385
1339
1340
800
827
824
838
826
-1
814
814
-1
745
881
881
881
505
506
495
496
878
-1
877
-1
494
490
490
490
490
490
490
490
490
498
498
498
796
796
796
796
877
878
-1
-1
795
795
795
845
856
857
877
878
-1
-1
858
858
858
834
835
877
878
-1
-1
511
841
806
807
809
810
808
805
812
804
828
825
844
849
847
865
870
833
843
503
493
486
487
489
497
490
490
490
490
490
488
867
869
848
797
837
799
502
-1
-1
-1
386
386
386
777
777
777
871
871
871
873
872
873
872
872
873
745
746
754
745
767
745
745
746
760
750
759
745
754
746
754
767
745
767
760
750
759
760
750
759
1317
1317
1317
1341
859
862
860
860
860
1341
1341
859
859
862
860
860
860
862
860
860
860
863
1313
1314
1315
1316
863
1313
863
1313
385
385
1314
1315
1316
1314
1315
385
385
1316
385
385
385
385
385
385
385
385
385
385
385
1338
1338
1338
794
770
387
884
794
794
770
387
770
387
865
884
884
870
865
865
870
870
760
760
760
764
766
753
764
764
766
766
867
753
869
753
867
869
867
869
749
744
749
744
749
744
511
511
511
510
510
510
-1
-1
-1
507
507
512
512
507
508
508
508
509
509
509
512
765
765
765
757
757
757
788
788
788
781
781
782
782
793
793
786
786
783
787
783
787
1337
1337
781
782
793
786
783
787
778
784
789
792
777
790
791
789
792
778
784
777
790
791
1337
776
775
776
775
773
1335
771
773
771
1335
751
-1
751
789
792
778
784
777
790
791
776
775
773
-1
771
1335
751
-1
484
501
874
484
874
752
756
501
752
756
504
504
484
501
874
388
388
389
389
752
756
768
758
768
758
504
388
389
768
758
-1
386
871
873
872
800
511
827
824
826
838
-1
814
814
-1
745
881
881
881
505
506
496
495
878
-1
877
-1
494
490
498
498
490
490
490
490
490
490
490
498
796
796
796
796
877
878
-1
-1
795
795
795
845
856
857
877
878
-1
-1
858
858
858
-1
-1
481
482
1317
1341
859
862
860
860
860
860
860
860
863
1313
1314
1315
1316
1341
385
385
385
385
854
385
-1
386
1009
480
479
1090
480
912
903
1084
1086
1079
906
901
1012
910
907
908
909
871
872
873
916
902
904
1009
1042
1077
881
881
881
882
480
1049
1049
1067
1069
1060
1060
1065
1061
1016
1070
1058
1078
479
986
989
1319
1011
1317
1341
859
862
860
860
860
860
860
860
1091
863
1313
1314
1315
1316
1341
876
875
876
385
385
385
1092
385
385
865
870
911
867
869
1010
875
876
1019
1020
1085
1087
1088
876
888
1019
1088
913
914
915
905
1077
865
870
867
911
869
884
865
870
911
867
869
865
870
911
867
869
-1
386
-1
386
-1
386
1089
1010
1018
978
979
980
978
979
980
978
979
980
892
893
891
895
899
894
900
983
889
890
871
893
891
892
895
899
894
900
983
889
890
872
873
892
893
895
982
891
894
899
900
983
889
890
925
871
925
871
-1
898
897
933
962
896
872
873
872
873
958
976
977
982
982
925
925
479
1090
969
970
971
967
972
975
967
937
479
1090
929
925
927
925
-1
-1
898
898
897
897
933
933
962
962
865
896
896
958
958
976
976
977
977
479
479
1090
969
970
971
967
972
975
967
1090
969
970
971
967
972
975
967
479
937
937
1090
479
1090
929
929
870
927
927
911
867
869
865
984
865
870
911
867
869
960
934
935
1353
985
865
1317
870
870
911
867
869
984
865
870
867
869
911
1341
859
911
984
865
867
870
862
860
860
860
867
911
860
860
860
869
869
960
960
934
935
1353
985
934
935
1353
985
1317
1317
1341
1341
859
859
862
862
860
860
860
860
860
860
860
860
860
860
860
860
1091
863
1313
1314
1315
1316
1341
385
385
1091
863
1313
1314
1315
1316
863
1091
1313
1341
385
385
1314
1315
1316
1341
385
385
385
385
1092
385
928
885
884
385
1092
385
385
928
885
884
385
1092
385
385
928
885
884
1013
1048
1048
1013
1013
1048
930
384
384
384
930
384
384
930
384
1053
1053
1053
500
500
483
763
763
763
747
761
747
1318
747
1318
-1
485
483
500
500
763
763
763
747
761
747
1318
747
1318
485
483
500
500
763
763
763
747
761
747
1318
747
1318
485
500
500
483
763
763
763
747
761
747
747
1318
1318
485
500
500
483
763
763
763
747
747
761
1318
747
1318
485
500
500
483
763
763
763
747
761
747
1318
747
1318
485
500
500
483
763
763
763
747
747
761
1318
747
1318
485
500
500
483
763
763
763
747
761
747
1318
747
1318
485
500
483
500
763
763
763
747
761
747
747
1318
1318
485
500
500
483
763
763
763
747
761
747
1318
747
1318
485
500
500
483
763
763
763
747
761
747
1318
747
1318
485
500
483
500
763
763
763
747
761
747
1318
747
1318
485
500
500
483
763
763
763
747
761
747
1318
747
1318
485
500
500
483
763
763
763
747
761
747
1318
747
1318
485
500
500
483
763
763
763
747
747
761
1318
747
1318
485
500
500
483
763
763
763
747
761
747
1318
747
1318
485
500
500
483
763
763
763
747
761
747
1318
747
1318
485
483
500
500
763
763
763
747
761
747
1318
747
1318
485
483
500
500
763
763
763
747
761
747
1318
747
1318
485
483
500
500
763
763
763
747
761
747
1318
747
1318
485
500
500
483
763
763
763
747
761
747
747
1318
1318
485
483
500
500
763
763
763
747
747
761
1318
747
1318
485
500
500
483
763
763
763
747
761
747
747
1318
1318
485
483
500
500
763
763
763
747
761
747
747
1318
1318
485
483
500
500
763
763
763
747
761
747
1318
747
1318
485
500
500
483
763
763
763
747
761
747
1318
747
485
1318
483
500
500
763
763
763
747
747
761
1318
747
1318
485
483
500
500
763
763
763
747
747
761
1318
747
1318
485
483
500
500
763
763
763
747
747
761
1318
747
1318
485
483
500
500
763
763
763
747
747
761
747
1318
1318
485
500
500
483
763
763
763
747
747
761
1318
747
1318
485
500
500
483
763
763
763
747
761
747
1318
747
1318
485
500
500
483
763
763
763
747
747
761
1318
747
1318
485
483
500
500
763
763
763
747
761
747
747
1318
485
1318
483
500
500
763
763
763
747
761
747
1318
747
1318
485
483
500
500
763
763
763
747
761
747
747
1318
485
1318
483
500
500
763
763
763
747
761
747
747
1318
1318
485
500
500
483
763
763
763
747
747
761
747
1318
1318
485
500
483
500
763
763
763
747
761
747
1318
747
1318
485
483
500
500
763
763
763
747
761
747
747
1318
1318
485
500
483
500
763
763
763
747
761
747
1318
747
1318
485
500
500
483
763
763
763
747
747
761
1318
747
1318
485
500
483
500
763
763
763
747
761
747
1318
747
1318
485
500
500
483
763
763
763
747
761
747
747
1318
1318
485
500
500
483
763
763
763
747
747
761
747
1318
1318
485
483
500
500
763
763
763
747
747
761
1318
747
1318
485
500
500
483
763
763
763
747
761
747
1318
747
1318
485
500
500
483
763
763
763
747
761
747
747
1318
1318
485
483
500
500
763
763
763
747
761
747
747
1318
1318
485
483
500
500
763
763
763
747
747
761
1318
747
1318
485
500
500
483
763
763
763
747
747
761
747
1318
1318
485
483
500
500
763
763
763
747
761
747
747
1318
1318
485
483
500
500
763
763
763
747
761
747
747
1318
1318
485
483
500
500
763
763
763
747
747
761
747
1318
1318
485
483
500
500
763
763
763
747
747
761
747
1318
1318
485
483
500
500
763
763
763
747
747
761
747
1318
1318
485
483
500
500
763
763
763
747
761
747
747
1318
485
1318
500
483
500
763
763
763
747
761
747
747
1318
1318
485
483
500
500
763
763
763
747
761
747
747
1318
1318
485
483
500
500
763
763
763
747
747
761
1318
747
1318
485
483
500
500
763
763
763
747
761
747
747
1318
1318
485
500
500
483
763
763
763
747
747
761
1318
485
747
1318
483
500
500
763
763
763
747
747
747
761
1318
1318
485
500
483
500
763
763
763
747
761
747
1318
485
747
1318
500
500
483
763
763
763
747
747
747
761
1318
1318
485
483
500
500
763
763
763
747
761
747
1318
485
747
1318
483
500
500
763
763
763
747
747
761
1318
747
1318
485
483
500
500
763
763
763
747
747
761
1318
747
1318
485
483
500
500
763
763
763
747
761
747
747
1318
1318
485
483
500
500
763
763
763
747
761
747
747
1318
1318
485
483
500
500
763
763
763
747
761
747
1318
747
1318
485
483
500
500
763
763
763
747
747
761
1318
485
747
1318
483
500
500
763
763
763
747
761
747
1318
747
1318
485
500
483
500
763
763
763
747
747
761
1318
485
747
1318
483
500
500
763
763
763
747
747
761
1318
747
1318
485
483
500
500
763
763
763
747
761
747
1318
485
747
1318
500
500
483
763
763
763
747
761
747
747
1318
1318
485
500
500
483
763
763
763
747
747
761
1318
485
747
1318
500
483
500
763
763
763
747
747
761
1318
747
1318
485
483
500
500
763
763
763
747
747
761
1318
485
747
1318
483
500
500
763
763
763
747
747
761
747
1318
1318
485
483
500
500
763
763
763
747
747
761
1318
747
1318
485
500
500
483
763
763
763
747
761
747
1318
485
747
1318
483
500
500
763
763
763
747
747
747
761
1318
485
1318
500
500
483
763
763
763
747
761
747
747
1318
1318
485
500
483
500
763
763
763
747
761
747
1318
747
1318
485
483
500
500
763
763
763
747
747
747
761
1318
485
1318
483
500
500
763
763
763
747
747
761
1318
747
1318
485
483
500
500
763
763
763
747
747
761
1318
747
1318
485
483
500
500
763
763
763
747
747
761
747
1318
1318
485
500
500
483
763
763
763
747
761
747
747
1318
1318
485
500
483
500
763
763
763
747
747
761
1318
485
747
1318
483
500
500
763
763
763
747
747
761
1318
485
747
1318
483
500
500
763
763
763
747
747
761
747
1318
1318
485
483
500
500
763
763
763
747
747
761
747
1318
1318
485
483
500
500
763
763
763
747
761
747
1318
747
1318
485
483
500
500
763
763
763
747
747
761
1318
485
747
1318
483
500
500
763
763
763
747
747
761
1318
485
747
1318
483
500
500
763
763
763
747
747
761
1318
485
747
1318
483
500
500
763
763
763
747
747
747
761
1318
485
1318
483
500
500
763
763
763
747
761
747
747
1318
-1
1318
485
483
500
500
763
763
763
747
761
747
1318
747
1318
485
483
500
500
763
763
763
747
761
747
1318
747
1318
485
483
500
500
763
763
763
747
761
747
1318
747
1318
485
500
500
483
763
763
763
747
747
761
1318
747
1318
485
500
483
500
763
763
763
747
761
747
1318
747
1318
485
483
500
500
763
763
763
747
747
761
1318
747
1318
485
483
500
500
763
763
763
747
747
761
1318
747
1318
485
483
500
500
763
763
763
747
747
761
1318
747
1318
485
500
483
500
763
763
763
747
761
747
1318
747
1318
485
483
500
500
763
763
763
747
747
761
1318
747
1318
485
483
500
500
763
763
763
747
761
747
747
1318
1318
485
483
500
500
763
763
763
747
747
761
1318
747
1318
485
483
500
500
763
763
763
747
747
761
1318
747
1318
485
483
500
500
763
763
763
747
747
761
1318
747
1318
485
483
500
500
763
763
763
747
761
747
1318
747
1318
485
483
500
500
763
763
763
747
761
747
1318
747
485
1318
500
483
500
763
763
763
747
761
747
747
1318
1318
485
500
483
500
763
763
763
747
761
747
1318
747
1318
485
500
483
500
763
763
763
747
761
747
1318
747
1318
485
483
500
500
763
763
763
747
747
761
1318
747
1318
485
483
500
500
763
763
763
747
747
761
747
1318
1318
485
483
500
500
763
763
763
747
761
747
1318
485
747
1318
483
500
500
763
763
763
747
761
747
1318
485
747
1318
500
500
483
763
763
763
747
761
747
1318
747
1318
485
483
500
500
763
763
763
747
761
747
1318
485
747
1318
500
500
483
763
763
763
747
747
761
747
1318
1318
485
483
500
500
763
763
763
747
761
747
1318
747
1318
485
483
500
500
763
763
763
747
761
747
747
1318
1318
485
500
500
483
763
763
763
747
761
747
747
1318
1318
485
483
500
500
763
763
763
747
747
761
1318
747
1318
485
483
500
500
763
763
763
747
747
761
1318
747
1318
485
483
500
500
763
763
763
747
747
761
747
1318
1318
485
483
500
500
763
763
763
747
761
747
747
1318
1318
485
500
500
483
763
763
763
747
747
761
747
1318
1318
485
483
500
500
763
763
763
747
747
761
1318
747
1318
485
483
500
500
763
763
763
747
761
747
747
1318
1318
485
483
500
500
763
763
763
747
747
761
1318
747
1318
485
500
500
483
763
763
763
747
747
761
1318
747
1318
485
500
500
483
763
763
763
747
747
761
1318
747
1318
485
483
500
500
763
763
763
747
747
761
1318
747
1318
485
483
500
500
763
763
763
747
761
747
1318
747
1318
485
500
500
483
763
763
763
747
761
747
747
1318
1318
485
483
500
500
763
763
763
747
747
761
1318
747
1318
485
483
500
500
763
763
763
747
761
747
1318
747
1318
485
483
500
500
763
763
763
747
761
747
747
1318
1318
485
483
500
500
763
763
763
747
747
761
1318
747
1318
485
483
500
500
763
763
763
747
747
761
1318
747
1318
485
500
483
500
763
763
763
747
747
761
747
1318
1318
485
483
500
500
763
763
763
747
747
761
747
1318
1318
485
483
500
500
763
763
763
747
761
747
747
1318
1318
485
483
500
500
763
763
763
747
747
761
1318
747
1318
485
500
500
483
763
763
763
747
747
761
1318
747
1318
485
500
500
483
763
763
763
747
761
747
1318
485
747
1318
483
500
500
763
763
763
747
747
761
747
1318
1318
485
483
500
500
763
763
763
747
747
761
1318
747
1318
485
483
500
500
763
763
763
747
761
747
1318
747
1318
485
483
500
500
763
763
763
747
761
747
747
1318
1318
485
500
500
483
763
763
763
747
761
747
747
1318
1318
485
483
500
500
763
763
763
747
761
747
747
1318
1318
485
483
500
500
763
763
763
747
747
761
747
1318
1318
485
483
500
500
763
763
763
747
747
761
747
1318
1318
485
483
500
500
763
763
763
747
761
747
747
1318
1318
485
483
500
500
763
763
763
747
761
747
747
1318
1318
485
483
500
500
763
763
763
747
747
761
1318
747
1318
485
483
500
500
763
763
763
747
761
747
1318
747
1318
485
483
500
500
763
763
763
747
747
761
747
1318
1318
485
483
500
500
763
763
763
747
747
761
1318
485
747
1318
483
500
500
763
763
763
747
747
761
1318
747
1318
485
483
500
500
763
763
763
747
761
747
1318
485
747
1318
483
500
500
763
763
763
747
761
747
747
1318
1318
485
483
500
500
763
763
763
747
761
747
747
1318
1318
485
483
500
500
763
763
763
747
747
761
747
1318
1318
485
483
500
500
763
763
763
747
747
761
1318
747
1318
485
483
500
500
763
763
763
747
747
761
1318
747
1318
485
483
500
500
763
763
763
747
747
761
1318
485
747
1318
500
500
483
763
763
763
747
747
761
1318
747
1318
485
483
500
500
763
763
763
747
747
761
1318
747
1318
485
500
483
500
763
763
763
747
747
747
761
1318
485
1318
483
500
500
763
763
763
747
761
747
747
1318
485
1318
483
500
500
763
763
763
747
761
747
1318
747
1318
485
483
500
500
763
763
763
747
761
747
747
1318
1318
485
500
483
500
763
763
763
747
747
747
761
1318
485
1318
483
500
500
763
763
763
747
747
761
1318
485
747
1318
483
500
500
763
763
763
747
747
761
747
1318
1318
485
483
500
500
763
763
763
747
761
747
747
1318
485
1318
483
500
500
763
763
763
747
747
761
1318
747
1318
485
483
500
500
763
763
763
747
747
761
1318
747
1318
485
483
500
500
763
763
763
747
761
747
747
1318
485
1318
483
500
500
763
763
763
747
761
747
747
1318
1318
485
483
500
500
763
763
763
747
761
747
747
1318
1318
485
483
500
500
763
763
763
747
761
747
1318
747
1318
485
500
483
500
763
763
763
747
761
747
1318
747
1318
485
483
500
500
763
763
763
747
761
747
747
1318
1318
485
483
500
500
763
763
763
747
747
761
747
1318
1318
485
483
500
500
763
763
763
747
747
761
1318
747
1318
485
483
500
500
763
763
763
747
747
761
747
1318
1318
485
483
500
500
763
763
763
747
747
761
1318
485
747
1318
483
500
500
763
763
763
747
761
747
747
1318
1318
485
483
500
500
763
763
763
747
747
761
747
1318
1318
485
483
500
500
763
763
763
747
747
761
747
1318
1318
485
483
500
500
763
763
763
747
761
747
747
1318
485
1318
500
500
483
763
763
763
747
747
761
747
1318
1318
485
483
500
500
763
763
763
747
747
761
1318
485
747
1318
483
500
500
763
763
763
747
761
747
747
1318
1318
485
483
500
500
763
763
763
747
761
747
747
1318
485
1318
483
500
500
763
763
763
747
761
747
747
1318
485
1318
483
500
500
500
1331
-1
1334
763
763
747
747
761
1318
485
483
500
500
500
1331
-1
1334
763
763
747
747
761
485
1318
483
500
500
500
1331
-1
1334
763
763
747
761
747
1318
485
500
500
500
483
1331
-1
1334
763
763
747
747
761
1318
485
483
500
500
500
1331
-1
1334
763
763
747
761
485
747
1318
483
500
500
500
1331
-1
1334
763
763
747
747
761
1318
485
483
500
500
763
763
763
747
747
761
747
1318
485
1318
500
500
483
763
763
763
747
747
761
1318
747
1318
485
483
500
500
763
763
763
747
761
747
747
1318
1318
485
483
500
500
763
763
763
747
747
761
1318
747
1318
485
483
500
500
763
763
763
747
761
747
1318
747
1318
485
483
500
500
763
763
763
747
747
761
1318
485
747
1318
500
500
483
763
763
763
747
747
761
1318
747
1318
485
483
500
500
763
763
763
747
747
761
1318
747
1318
485
483
500
500
763
763
763
747
761
747
1318
747
1318
485
483
500
500
763
763
763
747
761
747
747
1318
485
1318
483
500
500
763
763
763
747
761
747
747
1318
1318
485
483
500
500
763
763
763
747
761
747
1318
747
1318
485
483
500
500
763
763
763
747
747
761
1318
747
1318
485
483
500
500
763
763
763
747
761
747
1318
747
1318
485
500
483
500
763
763
763
747
747
761
1318
485
747
1318
483
500
500
763
763
763
747
747
761
1318
485
747
1318
483
500
500
763
763
763
747
761
747
1318
747
1318
485
483
500
500
763
763
763
747
747
761
747
1318
1318
485
500
500
483
763
763
763
747
761
747
1318
747
1318
485
483
500
500
763
763
763
747
761
747
747
1318
1318
485
483
500
500
763
763
763
747
747
761
1318
747
1318
485
483
500
500
763
763
763
747
747
761
1318
747
1318
485
483
500
500
763
763
763
747
747
761
1318
747
1318
485
483
500
500
763
763
763
747
761
747
1318
747
1318
485
483
500
500
500
500
500
500
763
763
763
747
747
761
747
1318
1318
485
500
500
483
763
763
763
747
747
761
1318
747
1318
485
500
500
483
763
763
763
747
761
747
747
1318
485
1318
483
500
500
763
763
763
747
747
761
747
1318
1318
485
483
500
500
763
763
763
747
747
761
1318
747
1318
485
483
500
500
763
763
763
747
747
761
1318
747
1318
485
483
500
500
763
763
763
747
747
761
1318
747
1318
485
500
483
500
763
763
763
747
761
747
1318
747
1318
485
483
500
500
763
763
763
747
761
747
1318
747
1318
485
483
500
500
763
763
763
747
761
747
1318
747
1318
485
483
500
500
763
763
763
747
747
761
1318
747
1318
485
500
500
483
763
763
763
747
747
761
1318
747
1318
485
483
500
500
763
763
763
747
761
747
747
1318
1318
485
483
500
500
763
763
763
747
761
747
747
1318
1318
485
483
500
500
763
763
763
747
761
747
1318
747
1318
485
483
500
500
763
763
763
747
761
747
747
1318
1318
485
483
500
500
763
763
763
747
747
761
747
1318
485
1318
500
483
500
763
763
763
747
747
761
1318
747
1318
485
483
500
500
763
763
763
747
761
747
1318
747
1318
485
500
500
483
763
763
763
747
747
761
1318
747
1318
485
483
500
500
763
763
763
747
747
761
1318
747
1318
485
483
500
500
763
763
763
747
747
761
1318
747
1318
485
483
500
500
763
763
763
747
761
747
747
1318
1318
485
483
500
500
763
763
763
747
761
747
747
1318
1318
485
483
500
500
763
763
763
747
761
747
1318
747
1318
485
483
500
500
763
763
763
747
761
747
747
1318
1318
485
483
500
500
763
763
763
747
747
761
747
1318
1318
485
483
500
500
763
763
763
747
747
761
1318
747
1318
485
500
500
483
763
763
763
747
761
747
1318
747
1318
485
500
500
483
763
763
763
747
747
761
1318
747
1318
485
483
500
500
763
763
763
747
761
747
747
1318
1318
485
483
500
500
763
763
763
747
747
761
1318
485
747
1318
500
500
483
763
763
763
747
747
747
761
1318
485
1318
500
500
483
763
763
763
747
761
747
1318
747
1318
485
500
500
483
763
763
763
747
747
761
747
1318
1318
485
500
483
500
763
763
763
747
747
761
747
1318
1318
485
483
500
500
763
763
763
747
747
761
1318
485
747
1318
483
500
500
763
763
763
747
761
747
747
1318
485
1318
483
500
500
763
763
763
747
747
747
761
1318
485
1318
483
500
500
763
763
763
747
761
747
747
1318
1318
485
483
500
500
763
763
763
747
747
761
1318
747
1318
485
483
500
500
763
763
763
747
761
747
747
1318
1318
485
483
500
500
763
763
763
747
761
747
747
1318
1318
485
500
483
500
763
763
763
747
747
761
1318
747
1318
485
483
500
500
763
763
763
747
747
761
1318
485
747
1318
483
500
500
763
763
763
747
747
747
761
1318
485
1318
483
500
500
763
763
763
747
761
747
747
1318
1318
485
483
500
500
763
763
763
747
747
761
1318
747
1318
485
483
500
500
763
763
763
747
747
761
1318
485
747
1318
483
500
500
763
763
763
747
747
761
1318
485
747
1318
483
500
500
763
763
763
747
747
761
1318
747
1318
485
500
500
483
763
763
763
747
761
747
747
1318
1318
485
483
500
500
763
763
763
747
761
747
747
1318
1318
485
483
500
500
763
763
763
747
747
761
747
1318
1318
485
483
500
500
763
763
763
747
747
761
1318
747
1318
485
483
500
500
763
763
763
747
761
747
747
1318
1318
485
483
500
500
763
763
763
747
747
761
1318
485
747
1318
483
500
500
763
763
763
747
747
761
1318
485
747
1318
483
500
500
763
763
763
747
747
747
761
1318
1318
485
483
500
500
763
763
763
747
761
747
747
1318
1318
485
483
500
500
763
763
763
747
761
747
747
1318
1318
485
483
500
500
763
763
763
747
747
747
761
1318
485
1318
483
500
500
763
763
763
747
761
747
747
1318
1318
485
500
500
483
763
763
763
747
747
747
761
1318
485
1318
483
500
500
763
763
763
747
747
761
1318
747
1318
485
483
500
500
763
763
763
747
761
485
747
747
1318
1318
483
500
500
763
763
763
747
761
747
747
1318
1318
485
500
483
500
763
763
763
747
747
747
761
1318
1318
485
483
500
500
763
763
763
747
747
761
485
747
1318
1318
483
500
500
763
763
763
747
761
485
747
747
1318
1318
483
500
500
763
763
763
747
761
747
747
1318
1318
485
483
500
500
763
763
763
747
747
747
761
1318
1318
485
500
483
500
763
763
763
747
747
747
761
1318
1318
485
483
500
500
763
763
763
747
747
761
1318
747
1318
485
483
500
500
763
763
763
747
747
761
1318
485
747
1318
483
500
500
763
763
763
747
761
747
1318
747
1318
485
483
500
500
763
763
763
747
747
761
1318
485
747
1318
483
500
500
763
763
763
747
747
761
1318
747
1318
485
483
500
500
763
763
763
747
747
747
761
1318
1318
485
483
500
500
763
763
763
747
747
761
1318
747
1318
485
483
500
500
763
763
763
747
761
747
1318
485
747
1318
483
500
500
763
763
763
747
761
747
1318
747
1318
485
483
500
500
763
763
763
747
761
747
1318
747
1318
485
483
500
500
763
763
763
747
761
747
1318
747
1318
485
483
500
500
763
763
763
747
747
761
747
1318
485
1318
483
500
500
763
763
763
747
761
747
1318
747
1318
485
483
500
500
763
763
763
747
761
747
1318
747
1318
485
500
500
483
763
763
763
747
761
747
1318
747
1318
485
500
500
483
763
763
763
747
761
747
1318
747
1318
485
483
500
500
763
763
763
747
747
761
1318
747
1318
485
483
500
500
763
763
763
747
747
761
1318
747
1318
485
483
500
500
763
763
763
747
747
761
1318
747
1318
485
483
500
500
763
763
763
747
761
747
1318
485
747
1318
483
500
500
763
763
763
747
747
761
1318
485
747
1318
500
500
483
763
763
763
747
761
747
1318
485
747
1318
483
500
500
763
763
763
747
747
761
1318
485
747
1318
483
500
500
763
763
763
747
747
761
1318
485
747
1318
500
500
483
763
763
763
747
747
761
1318
485
747
1318
483
500
500
763
763
763
747
761
747
1318
485
747
1318
483
500
500
763
763
763
747
761
747
747
1318
1318
485
500
500
483
763
763
763
747
761
747
747
1318
485
1318
483
500
500
763
763
763
747
747
747
761
1318
1318
485
483
500
500
763
763
763
747
761
747
747
1318
1318
485
500
500
483
763
763
763
747
747
747
761
1318
1318
485
483
500
500
763
763
763
747
761
747
1318
485
747
1318
483
500
500
763
763
763
747
747
761
1318
485
747
1318
483
500
500
763
763
763
747
761
747
1318
485
747
1318
483
500
500
763
763
763
747
747
761
1318
485
747
1318
483
500
500
763
763
763
747
747
761
1318
485
747
1318
483
500
500
763
763
763
747
747
761
1318
485
747
1318
483
500
500
763
763
763
747
761
747
747
1318
1318
485
483
500
500
763
763
763
747
761
747
747
1318
1318
485
500
483
500
763
763
763
747
761
747
1318
485
747
1318
483
500
500
763
763
763
747
747
761
1318
485
747
1318
483
500
500
763
763
763
747
761
747
747
1318
485
1318
483
500
500
763
763
763
747
761
747
747
1318
1318
485
483
500
500
763
763
763
747
761
747
1318
485
747
1318
483
500
500
763
763
763
747
761
747
1318
747
1318
485
483
500
500
763
763
763
747
747
761
1318
485
747
1318
483
500
500
763
763
763
747
747
761
747
1318
1318
485
483
500
500
763
763
763
747
761
747
747
1318
1318
485
483
500
500
763
763
763
747
761
747
1318
747
1318
485
483
500
500
763
763
763
747
747
761
1318
747
1318
485
483
500
500
763
763
763
747
761
747
747
1318
485
1318
483
500
500
763
763
763
747
761
747
747
1318
1318
485
483
500
500
763
763
763
747
761
747
1318
485
747
1318
483
500
500
763
763
763
747
761
747
747
1318
485
1318
483
500
500
763
763
763
747
761
747
1318
747
485
1318
483
500
500
763
763
763
747
761
747
1318
747
1318
485
483
500
500
763
763
763
747
761
747
1318
485
747
1318
500
500
483
763
763
763
747
761
747
1318
485
747
1318
483
500
500
763
763
763
747
761
747
1318
747
1318
485
483
500
500
763
763
763
747
761
747
1318
747
1318
485
483
500
500
763
763
763
747
761
747
1318
747
1318
485
483
500
500
763
763
763
747
761
747
1318
747
485
1318
483
500
500
763
763
763
747
761
747
747
1318
1318
485
500
483
500
763
763
763
747
761
747
1318
485
747
1318
483
500
500
763
763
763
747
761
747
1318
485
747
1318
483
500
500
763
763
763
747
747
761
1318
485
747
1318
483
500
500
763
763
763
747
747
761
1318
485
747
1318
483
500
500
763
763
763
747
747
761
1318
747
1318
485
483
500
500
763
763
763
747
761
747
1318
485
747
1318
500
500
483
763
763
763
747
761
747
1318
747
1318
485
483
500
500
763
763
763
747
747
761
1318
747
1318
485
483
500
500
763
763
763
747
761
747
1318
485
747
1318
500
500
483
763
763
763
747
761
747
1318
485
747
1318
483
500
500
763
763
763
747
761
747
1318
747
1318
485
483
500
500
763
763
763
747
761
747
1318
485
747
1318
500
500
483
763
763
763
747
747
761
1318
747
1318
485
483
500
500
763
763
763
747
747
761
1318
485
747
1318
483
500
500
763
763
763
747
761
747
747
1318
1318
485
483
500
500
763
763
763
747
761
747
747
1318
1318
485
483
500
500
763
763
763
747
747
761
1318
747
1318
485
483
500
500
763
763
763
747
761
747
747
1318
485
1318
483
500
500
763
763
763
747
761
485
747
747
1318
1318
483
500
500
763
763
763
747
761
747
747
1318
1318
485
483
500
500
763
763
763
747
747
761
1318
747
1318
485
483
500
500
763
763
763
747
761
747
747
1318
485
1318
483
500
500
763
763
763
747
761
747
747
1318
1318
485
483
500
500
763
763
763
747
761
747
747
1318
1318
485
483
500
500
763
763
763
747
747
761
1318
485
747
1318
483
500
500
763
763
763
747
747
761
1318
485
747
1318
483
500
500
763
763
763
747
747
747
761
1318
1318
485
483
500
500
763
763
763
747
747
761
1318
485
747
1318
483
500
500
763
763
763
747
761
747
747
1318
1318
485
483
500
500
763
763
763
747
761
485
747
747
1318
1318
483
500
500
763
763
763
747
747
747
761
1318
1318
485
483
500
500
763
763
763
747
761
485
747
747
1318
1318
483
500
500
763
763
763
747
761
485
747
747
1318
1318
483
500
500
763
763
763
747
747
761
1318
485
747
1318
483
500
500
763
763
763
747
747
747
761
1318
1318
485
483
500
500
763
763
763
747
747
761
747
1318
1318
-1
748
748
763
763
755
755
762
762
748
748
763
763
755
755
762
762
485
500
500
500
483
1331
-1
1334
763
763
747
747
761
485
1318
483
499
500
500
1331
-1
1334
763
763
747
747
761
1318
485
483
499
500
500
1331
-1
1334
763
763
485
747
747
761
1318
499
499
499
500
500
500
500
500
500
500
500
500
1330
1330
1330
-1
-1
-1
1334
1334
1334
1334
1334
1334
500
500
500
483
1331
-1
1334
763
763
747
761
485
747
1318
483
500
500
500
1331
-1
1334
763
763
747
761
485
747
1318
500
483
499
500
1331
-1
1334
763
763
747
761
485
747
1318
483
499
500
500
1331
-1
1334
763
763
747
747
761
1318
485
500
483
500
500
1331
-1
1334
763
763
747
747
761
1318
485
500
483
500
500
1331
-1
1334
763
763
747
747
761
1318
485
483
499
500
500
1331
-1
1334
763
763
747
747
761
1318
485
483
500
500
500
1331
-1
1334
763
763
485
747
747
761
1318
483
499
500
500
1331
-1
1334
763
763
747
747
761
1318
485
500
500
500
1334
483
1331
-1
763
763
747
747
761
1318
485
483
500
500
500
1331
-1
1334
763
763
747
747
761
1318
485
483
499
500
500
1331
-1
1334
763
747
747
761
763
485
1318
483
500
500
500
1331
-1
1334
763
763
747
747
761
1318
485
483
499
500
500
1331
-1
1334
763
763
485
747
747
761
1318
483
499
500
500
1331
-1
1334
763
747
761
763
485
747
1318
483
499
500
500
1331
-1
1334
763
763
747
747
761
1318
-1
485
483
500
500
500
1331
-1
1334
763
763
747
761
485
747
1318
483
500
500
500
1331
-1
1334
763
763
747
761
485
747
1318
500
483
500
500
1331
-1
1334
763
763
747
747
761
1318
485
500
500
500
1331
-1
1334
483
763
763
747
747
761
1318
485
483
500
500
500
1331
-1
1334
763
763
747
761
747
-1
1318
485
499
500
500
1331
-1
1334
483
763
763
747
761
485
747
1318
500
483
500
500
1331
-1
1334
763
763
747
747
761
1318
485
483
500
500
500
1331
-1
1334
763
747
761
763
747
1318
485
483
500
500
500
1331
-1
1334
763
763
747
747
761
1318
485
483
500
500
500
1331
-1
1334
763
763
747
747
761
1318
485
483
500
500
500
1331
-1
1334
763
747
763
485
747
761
1318
499
500
500
1331
-1
1334
483
763
763
747
747
761
1318
-1
485
483
500
500
500
1331
-1
1334
763
763
747
747
761
1318
485
483
500
500
500
1331
-1
1334
763
763
747
761
485
747
1318
483
499
500
500
1331
-1
1334
763
763
485
747
747
761
1318
483
499
500
500
1331
-1
1334
763
763
747
747
761
485
1318
483
499
500
500
1331
-1
1334
763
747
761
763
485
747
1318
483
500
500
500
1331
-1
1334
763
763
747
747
761
1318
-1
485
483
500
500
500
1331
-1
1334
763
763
747
747
761
1318
485
483
500
500
500
1331
-1
1334
763
763
747
747
761
1318
485
483
500
500
500
1331
-1
1334
763
763
747
761
485
747
1318
483
500
500
500
1331
-1
1334
763
747
763
485
747
761
1318
483
500
500
500
1331
-1
1334
763
763
747
747
761
1318
485
483
499
500
500
1331
-1
1334
763
763
747
761
485
747
1318
483
500
500
500
1331
-1
1334
763
763
747
761
485
747
1318
483
499
500
500
1331
-1
1334
763
763
747
761
747
1318
485
500
500
500
1331
-1
1334
483
763
763
747
761
485
747
1318
483
500
500
500
1331
-1
1334
763
763
747
747
761
1318
485
500
500
500
1331
1334
483
-1
763
763
747
761
747
-1
1318
485
500
500
500
1334
483
1331
-1
763
763
747
747
761
1318
485
500
500
483
499
1331
-1
1334
763
763
747
747
761
1318
485
483
500
500
500
1331
-1
1334
763
763
747
761
485
747
1318
483
500
500
500
1331
-1
1334
763
763
747
747
761
1318
485
483
500
500
500
1331
-1
1334
763
763
747
747
761
1318
485
500
500
500
1331
1334
483
-1
763
763
747
747
761
485
1318
500
500
500
1331
-1
1334
483
763
763
747
761
485
747
1318
499
500
500
1334
483
1331
-1
763
763
747
747
761
1318
485
483
500
500
500
1331
-1
1334
763
763
747
747
761
1318
485
483
500
500
500
1331
-1
1334
763
747
763
485
747
761
1318
483
500
500
500
1331
-1
1334
763
763
747
747
761
1318
485
483
500
500
500
1331
-1
1334
763
763
747
747
761
1318
485
483
500
500
763
763
763
747
761
747
747
1318
1318
485
483
500
500
763
763
763
747
747
747
761
1318
485
1318
483
500
500
500
1331
-1
1334
763
763
747
747
761
1318
-1
485
483
500
500
500
1331
-1
1334
763
763
485
747
747
761
1318
500
500
500
1331
-1
1334
483
763
763
747
761
485
747
1318
500
483
500
500
1331
-1
1334
763
763
499
499
500
500
500
500
500
500
500
500
1330
1330
-1
-1
1334
1334
1334
1334
485
747
747
761
1318
483
500
500
500
1331
-1
1334
763
747
761
763
485
747
1318
500
500
500
1331
-1
1334
483
763
763
747
747
761
1318
485
483
500
500
500
1331
-1
1334
763
763
747
747
761
1318
485
499
500
500
1331
1334
483
-1
763
763
747
747
761
1318
485
500
483
499
500
1331
-1
1334
763
763
747
747
761
1318
485
483
500
500
500
1331
-1
1334
763
747
761
763
485
747
1318
500
500
500
1334
483
1331
-1
763
763
747
747
761
1318
485
483
500
500
500
1331
-1
1334
763
747
761
763
485
747
1318
500
500
500
1331
-1
1334
483
763
763
747
747
761
1318
485
483
499
500
500
1331
-1
1334
763
763
485
747
747
761
1318
483
500
500
500
1331
-1
1334
763
763
485
747
747
761
1318
483
499
500
500
1331
-1
1334
763
763
485
747
747
761
1318
483
499
500
500
1331
-1
1334
763
763
747
747
761
-1
1318
485
483
500
500
500
1331
-1
1334
763
763
747
747
761
1318
485
483
500
500
500
1331
-1
1334
763
763
747
761
485
747
1318
483
500
500
500
1331
-1
1334
763
763
747
761
485
747
1318
483
500
500
500
1331
-1
1334
763
763
747
747
761
-1
1318
485
483
499
500
500
1331
-1
1334
763
763
747
761
747
485
1318
483
500
500
500
1331
-1
1334
763
763
747
747
761
1318
485
499
500
500
1331
-1
1334
483
763
763
747
747
761
1318
485
483
500
500
500
1331
-1
1334
763
763
747
485
747
761
1318
483
500
500
500
1331
-1
1334
763
763
747
747
761
1318
485
483
500
500
500
1331
-1
1334
763
763
747
747
1318
761
485
500
483
499
500
1331
-1
1334
763
763
747
747
761
485
1318
483
499
500
500
1331
-1
1334
763
763
747
761
485
747
1318
483
500
500
500
1331
-1
1334
763
763
485
747
747
761
1318
483
500
500
500
1331
-1
1334
763
747
761
763
485
747
1318
483
499
500
500
1331
-1
1334
763
763
747
761
485
747
1318
500
483
500
500
1331
-1
1334
763
763
747
747
761
1318
485
500
500
500
483
1331
-1
1334
763
763
747
485
747
761
1318
483
500
500
500
1331
-1
1334
763
763
747
747
761
1318
485
483
500
500
500
1331
-1
1334
763
763
485
747
747
761
1318
483
499
500
500
1331
-1
1334
763
763
747
747
761
1318
-1
485
483
500
500
500
1331
-1
1334
763
763
747
761
485
747
1318
483
499
500
500
1331
-1
1334
763
763
747
747
761
1318
-1
485
500
500
483
499
1331
-1
1334
763
763
747
747
761
1318
485
483
500
500
500
1331
-1
1334
763
763
485
747
747
761
1318
483
499
500
500
1331
-1
1334
763
763
485
747
747
761
1318
483
499
500
500
1331
-1
1334
763
747
761
763
485
747
1318
483
500
500
500
1331
-1
1334
763
763
485
747
747
761
1318
483
500
500
500
1331
-1
1334
763
747
763
747
761
-1
1318
485
500
500
483
499
1331
-1
1334
763
763
485
747
747
761
1318
483
500
500
500
1331
-1
1334
763
763
747
761
485
747
1318
483
500
500
500
1331
-1
1334
763
763
747
747
761
1318
485
500
500
500
1331
-1
1334
483
763
763
747
747
761
1318
485
483
500
500
500
1331
-1
1334
763
763
485
747
747
761
1318
483
499
500
500
1331
-1
1334
763
763
747
747
761
1318
485
483
500
500
500
1331
-1
1334
763
763
747
747
761
1318
485
500
500
500
1331
-1
1334
483
763
763
485
747
747
761
1318
483
499
500
500
1331
-1
1334
763
763
485
747
747
761
1318
483
500
500
500
1331
-1
1334
763
763
747
747
761
1318
485
483
499
500
500
1331
-1
1334
763
763
485
747
747
761
1318
483
499
500
500
1331
-1
1334
763
763
747
747
761
1318
485
500
483
500
500
1331
-1
1334
763
763
747
761
485
747
1318
483
500
500
500
1331
-1
1334
763
763
747
747
761
1318
485
483
499
500
500
1331
-1
1334
763
763
747
747
761
485
1318
483
500
500
500
1331
-1
1334
763
763
485
747
747
761
1318
500
500
483
763
763
763
747
747
761
747
1318
1318
485
483
500
500
763
763
763
747
761
485
747
747
1318
1318
748
748
483
500
500
500
1331
-1
1334
763
763
763
747
761
763
755
762
485
747
755
1318
762
483
500
500
500
1331
-1
1334
763
763
747
747
761
1318
485
483
500
500
500
1331
-1
1334
763
763
747
747
761
1318
485
500
500
500
1331
-1
1334
483
763
763
747
747
761
1318
485
483
500
500
500
1331
-1
1334
763
763
747
747
761
1318
-1
499
499
500
500
500
500
500
500
1330
1330
-1
1334
1334
1334
1334
499
499
500
500
500
500
500
500
1330
1330
-1
-1
-1
1334
1334
1334
1334
485
483
500
500
500
1331
-1
1334
763
763
747
747
761
1318
485
500
483
500
500
1331
-1
1334
763
763
747
747
761
1318
485
500
500
500
1334
483
1331
-1
763
763
747
747
761
1318
485
500
483
499
500
1331
-1
1334
763
763
747
747
761
-1
1318
485
483
500
500
500
1331
-1
1334
763
763
747
747
761
1318
485
483
500
500
500
1331
-1
1334
763
763
747
761
485
747
1318
500
483
500
500
1331
-1
1334
763
763
747
747
761
1318
485
483
499
500
500
1331
-1
1334
763
763
747
747
761
1318
485
483
500
500
500
1331
-1
1334
763
763
747
747
761
1318
485
499
500
500
1331
-1
1334
483
763
763
747
747
761
1318
485
483
500
500
500
1331
-1
1334
763
763
747
761
485
747
1318
483
500
500
500
1331
-1
1334
763
747
763
485
747
761
1318
483
500
500
500
1331
-1
1334
763
763
747
747
761
1318
485
483
500
500
500
1331
-1
1334
763
763
747
747
761
1318
485
483
500
500
500
1331
-1
1334
763
763
747
761
747
-1
1318
485
483
499
500
500
1331
-1
1334
763
763
747
761
485
747
1318
483
500
500
500
1331
-1
1334
763
763
747
747
761
1318
-1
485
483
500
500
500
1331
-1
1334
763
763
747
747
761
1318
-1
485
483
499
500
500
1331
-1
1334
763
763
485
747
747
761
1318
483
500
500
500
1331
-1
1334
763
763
747
747
761
1318
485
500
483
500
500
1331
-1
1334
763
763
747
747
761
-1
1318
485
483
499
500
500
1331
-1
1334
763
763
747
747
761
485
1318
483
500
500
500
1331
-1
1334
763
763
747
761
485
747
1318
483
500
500
500
1331
-1
1334
763
763
747
485
747
761
1318
483
499
500
500
1331
-1
1334
763
763
485
747
747
761
1318
483
500
500
500
1331
-1
1334
763
763
747
761
485
747
1318
483
500
500
500
1331
-1
1334
763
747
761
763
485
747
1318
499
500
500
1331
-1
1334
483
763
763
747
747
761
1318
-1
485
483
500
500
763
763
763
747
747
747
761
1318
485
1318
500
500
500
500
748
748
755
755
763
763
762
762
748
748
755
763
763
755
762
762
500
500
500
500
748
748
763
755
755
762
763
762
748
748
755
763
755
762
762
763
500
500
500
500
801
802
803
836
802
840
804
-1
-1
855
-1
-1
-1
855
-1
-1
-1
-1
-1
-1
-1
-1
-1
-1
-1
-1
813
811
-1
-1
-1
-1
842
-1
748
748
763
755
762
755
763
762
748
748
755
755
762
763
762
763
500
500
500
500
748
755
748
763
763
755
762
762
748
748
755
755
763
763
762
762
500
500
500
500
748
748
755
755
763
762
763
762
748
748
755
763
763
762
755
762
500
500
500
500
748
755
748
763
755
762
762
763
748
748
755
755
763
763
762
762
500
500
500
500
748
755
755
748
763
763
762
762
0
748
748
755
763
755
762
763
762
0
0
0
0
0
0
0
0
0
0
0
0
0
1343
0
0
0
0
0
0
0
0
0
0
0
0
0
0
0
0
0
0
0
0
0
0
0
0
0
0
0
0
0
0
0
0
0
0
0
0
0
885
0
0
0
0
0
0
500
500
500
500
0
0
0
0
0
0
0
0
0
990
0
0
0
0
0
0
0
0
0
0
0
0
0
0
0
0
0
0
0
479
1090
0
0
0
0
0
0
1179
0
0
0
0
0
0
0
1308
1307
0
0
0
0
0
0
748
755
755
748
763
763
762
762
748
748
755
755
763
763
762
762
500
500
500
500
748
748
763
763
755
755
762
762
748
748
755
755
763
762
763
762
500
500
500
500
748
748
755
755
763
763
762
762
748
748
763
755
755
762
762
763
500
500
500
500
748
748
763
755
755
762
763
762
748
748
763
755
755
762
763
762
500
500
500
500
748
748
755
755
763
763
762
762
748
748
763
763
762
762
755
755
500
500
500
500
748
748
763
755
755
763
762
762
748
748
755
762
763
763
755
762
500
500
500
500
748
748
755
755
762
763
763
762
748
748
755
755
763
762
763
762
