-1
843
1011
1037
1038
1039
1007
1012
1051
883
884
1816
1856
1020
1022
1021
1021
1021
1021
1021
1021
1024
1023
1812
1813
1814
1815
1856
841
841
841
841
841
1853
1854
972
991
988
999
990
1000
986
986
844
917
1047
1047
1047
907
908
897
898
1044
1045
1043
1046
895
892
892
892
892
892
892
892
892
900
900
900
968
968
968
968
1043
1044
1045
1046
967
967
967
1006
1017
1018
1043
1044
1045
1046
1019
1019
1019
995
996
1043
1044
1045
1046
913
1002
978
979
981
982
980
977
984
976
992
989
1005
1010
1008
1026
1032
994
1004
905
894
888
889
891
899
892
892
892
892
892
890
1028
1031
1009
969
998
971
904
-1
-1
-1
843
843
843
949
949
949
1037
1037
1037
1039
1038
1039
1038
1038
1039
917
918
926
917
939
917
917
918
932
922
931
917
926
918
926
939
917
939
932
922
931
932
922
931
1816
1816
1816
1856
1020
1022
1021
1021
1021
1856
1856
1020
1020
1022
1021
1021
1021
1022
1021
1021
1021
1023
1812
1813
1814
1815
1023
1812
1023
1812
841
841
1813
1814
1815
1813
1814
841
841
1815
841
841
841
841
841
841
841
841
841
841
841
1852
1852
1852
966
942
844
1051
966
966
942
844
942
844
1026
1051
1051
1032
1026
1026
1032
1032
932
932
932
936
938
925
936
936
938
938
1028
925
1031
925
1028
1031
1028
1031
921
916
921
916
921
916
913
913
913
912
912
912
915
915
915
909
909
914
914
909
910
910
910
911
911
911
914
937
937
937
929
929
929
960
960
960
953
953
954
954
965
965
958
958
955
959
955
959
1851
1851
953
954
965
958
955
959
950
956
961
964
949
962
963
961
964
950
956
949
962
963
1851
948
947
948
947
945
1840
943
945
943
1840
923
946
923
961
964
950
956
949
962
963
948
947
945
946
943
1840
923
946
886
903
1040
886
1040
924
928
903
924
928
906
906
886
903
1040
845
845
846
846
924
928
940
930
940
930
906
845
846
940
930
-1
843
1037
1039
1038
972
913
991
988
990
999
1000
986
986
844
917
1047
1047
1047
907
908
898
897
1044
1045
1043
1046
895
892
900
900
892
892
892
892
892
892
892
900
968
968
968
968
1043
1044
1045
1046
967
967
967
1006
1017
1018
1043
1044
1045
1046
1019
1019
1019
1013
1014
883
884
1816
1856
1020
1022
1021
1021
1021
1021
1021
1021
1023
1812
1813
1814
1815
1856
841
841
841
841
1015
841
-1
843
1247
882
881
1338
882
1079
1070
1332
1334
1327
1073
1068
1250
1077
1074
1075
1076
1037
1038
1039
1083
1069
1071
1247
1290
1325
1047
1047
1047
1048
882
1295
1295
1316
1319
1308
1308
1313
1309
1254
1320
1306
1326
881
1148
1151
1818
1249
1816
1856
1020
1022
1021
1021
1021
1021
1021
1021
1339
1023
1812
1813
1814
1815
1856
1042
1041
1042
841
841
841
1340
841
841
1026
1032
1078
1028
1031
1248
1041
1042
1257
1258
1333
1335
1336
1042
1055
1257
1336
1080
1081
1082
1072
1325
1026
1032
1028
1078
1031
1051
1026
1032
1078
1028
1031
1026
1032
1078
1028
1031
-1
843
-1
843
-1
843
1337
1248
1256
1140
1141
1142
1140
1141
1142
1140
1141
1142
1059
1060
1058
1062
1066
1061
1067
1145
1056
1057
1037
1060
1058
1059
1062
1066
1061
1067
1145
1056
1057
1038
1039
1059
1060
1062
1144
1058
1061
1066
1067
1145
1056
1057
1092
1037
1092
1037
1093
1065
1064
1100
1126
1063
1038
1039
1038
1039
1121
1138
1139
1144
1144
1092
1092
881
1338
1131
1132
1133
1129
1134
1137
1129
1104
881
1338
1096
1092
1094
1092
1093
1093
1065
1065
1064
1064
1100
1100
1126
1126
1026
1063
1063
1121
1121
1138
1138
1139
1139
881
881
1338
1131
1132
1133
1129
1134
1137
1129
1338
1131
1132
1133
1129
1134
1137
1129
881
1104
1104
1338
881
1338
1096
1096
1032
1094
1094
1078
1028
1031
1026
1146
1026
1032
1078
1028
1031
1124
1101
1102
1869
1147
1026
1816
1032
1032
1078
1028
1031
1146
1026
1032
1028
1031
1078
1856
1020
1078
1146
1026
1028
1032
1022
1021
1021
1021
1028
1078
1021
1021
1021
1031
1031
1124
1124
1101
1102
1869
1147
1101
1102
1869
1147
1816
1816
1856
1856
1020
1020
1022
1022
1021
1021
1021
1021
1021
1021
1021
1021
1021
1021
1021
1021
1339
1023
1812
1813
1814
1815
1856
841
841
1339
1023
1812
1813
1814
1815
1023
1339
1812
1856
841
841
1813
1814
1815
1856
841
841
841
841
1340
841
1095
1052
1051
841
1340
841
841
1095
1052
1051
841
1340
841
841
1095
1052
1051
1251
1292
1292
1251
1251
1292
1097
839
839
839
1097
839
839
1097
839
1301
1301
1301
902
902
885
935
935
935
919
933
919
1817
919
1817
987
887
885
902
902
935
935
935
919
933
919
1817
919
1817
887
885
902
902
935
935
935
919
933
919
1817
919
1817
887
902
902
885
935
935
935
919
933
919
919
1817
1817
887
902
902
885
935
935
935
919
919
933
1817
919
1817
887
902
902
885
935
935
935
919
933
919
1817
919
1817
887
902
902
885
935
935
935
919
919
933
1817
919
1817
887
902
902
885
935
935
935
919
933
919
1817
919
1817
887
902
885
902
935
935
935
919
933
919
919
1817
1817
887
902
902
885
935
935
935
919
933
919
1817
919
1817
887
902
902
885
935
935
935
919
933
919
1817
919
1817
887
902
885
902
935
935
935
919
933
919
1817
919
1817
887
902
902
885
935
935
935
919
933
919
1817
919
1817
887
902
902
885
935
935
935
919
933
919
1817
919
1817
887
902
902
885
935
935
935
919
919
933
1817
919
1817
887
902
902
885
935
935
935
919
933
919
1817
919
1817
887
902
902
885
935
935
935
919
933
919
1817
919
1817
887
885
902
902
935
935
935
919
933
919
1817
919
1817
887
885
902
902
935
935
935
919
933
919
1817
919
1817
887
885
902
902
935
935
935
919
933
919
1817
919
1817
887
902
902
885
935
935
935
919
933
919
919
1817
1817
887
885
902
902
935
935
935
919
919
933
1817
919
1817
887
902
902
885
935
935
935
919
933
919
919
1817
1817
887
885
902
902
935
935
935
919
933
919
919
1817
1817
887
885
902
902
935
935
935
919
933
919
1817
919
1817
887
902
902
885
935
935
935
919
933
919
1817
919
887
1817
885
902
902
935
935
935
919
919
933
1817
919
1817
887
885
902
902
935
935
935
919
919
933
1817
919
1817
887
885
902
902
935
935
935
919
919
933
1817
919
1817
887
885
902
902
935
935
935
919
919
933
919
1817
1817
887
902
902
885
935
935
935
919
919
933
1817
919
1817
887
902
902
885
935
935
935
919
933
919
1817
919
1817
887
902
902
885
935
935
935
919
919
933
1817
919
1817
887
885
902
902
935
935
935
919
933
919
919
1817
887
1817
885
902
902
935
935
935
919
933
919
1817
919
1817
887
885
902
902
935
935
935
919
933
919
919
1817
887
1817
885
902
902
935
935
935
919
933
919
919
1817
1817
887
902
902
885
935
935
935
919
919
933
919
1817
1817
887
902
885
902
935
935
935
919
933
919
1817
919
1817
887
885
902
902
935
935
935
919
933
919
919
1817
1817
887
902
885
902
935
935
935
919
933
919
1817
919
1817
887
902
902
885
935
935
935
919
919
933
1817
919
1817
887
902
885
902
935
935
935
919
933
919
1817
919
1817
887
902
902
885
935
935
935
919
933
919
919
1817
1817
887
902
902
885
935
935
935
919
919
933
919
1817
1817
887
885
902
902
935
935
935
919
919
933
1817
919
1817
887
902
902
885
935
935
935
919
933
919
1817
919
1817
887
902
902
885
935
935
935
919
933
919
919
1817
1817
887
885
902
902
935
935
935
919
933
919
919
1817
1817
887
885
902
902
935
935
935
919
919
933
1817
919
1817
887
902
902
885
935
935
935
919
919
933
919
1817
1817
887
885
902
902
935
935
935
919
933
919
919
1817
1817
887
885
902
902
935
935
935
919
933
919
919
1817
1817
887
885
902
902
935
935
935
919
919
933
919
1817
1817
887
885
902
902
935
935
935
919
919
933
919
1817
1817
887
885
902
902
935
935
935
919
919
933
919
1817
1817
887
885
902
902
935
935
935
919
933
919
919
1817
887
1817
902
885
902
935
935
935
919
933
919
919
1817
1817
887
885
902
902
935
935
935
919
933
919
919
1817
1817
887
885
902
902
935
935
935
919
919
933
1817
919
1817
887
885
902
902
935
935
935
919
933
919
919
1817
1817
887
902
902
885
935
935
935
919
919
933
1817
887
919
1817
885
902
902
935
935
935
919
919
919
933
1817
1817
887
902
885
902
935
935
935
919
933
919
1817
887
919
1817
902
902
885
935
935
935
919
919
919
933
1817
1817
887
885
902
902
935
935
935
919
933
919
1817
887
919
1817
885
902
902
935
935
935
919
919
933
1817
919
1817
887
885
902
902
935
935
935
919
919
933
1817
919
1817
887
885
902
902
935
935
935
919
933
919
919
1817
1817
887
885
902
902
935
935
935
919
933
919
919
1817
1817
887
885
902
902
935
935
935
919
933
919
1817
919
1817
887
885
902
902
935
935
935
919
919
933
1817
887
919
1817
885
902
902
935
935
935
919
933
919
1817
919
1817
887
902
885
902
935
935
935
919
919
933
1817
887
919
1817
885
902
902
935
935
935
919
919
933
1817
919
1817
887
885
902
902
935
935
935
919
933
919
1817
887
919
1817
902
902
885
935
935
935
919
933
919
919
1817
1817
887
902
902
885
935
935
935
919
919
933
1817
887
919
1817
902
885
902
935
935
935
919
919
933
1817
919
1817
887
885
902
902
935
935
935
919
919
933
1817
887
919
1817
885
902
902
935
935
935
919
919
933
919
1817
1817
887
885
902
902
935
935
935
919
919
933
1817
919
1817
887
902
902
885
935
935
935
919
933
919
1817
887
919
1817
885
902
902
935
935
935
919
919
919
933
1817
887
1817
902
902
885
935
935
935
919
933
919
919
1817
1817
887
902
885
902
935
935
935
919
933
919
1817
919
1817
887
885
902
902
935
935
935
919
919
919
933
1817
887
1817
885
902
902
935
935
935
919
919
933
1817
919
1817
887
885
902
902
935
935
935
919
919
933
1817
919
1817
887
885
902
902
935
935
935
919
919
933
919
1817
1817
887
902
902
885
935
935
935
919
933
919
919
1817
1817
887
902
885
902
935
935
935
919
919
933
1817
887
919
1817
885
902
902
935
935
935
919
919
933
1817
887
919
1817
885
902
902
935
935
935
919
919
933
919
1817
1817
887
885
902
902
935
935
935
919
919
933
919
1817
1817
887
885
902
902
935
935
935
919
933
919
1817
919
1817
887
885
902
902
935
935
935
919
919
933
1817
887
919
1817
885
902
902
935
935
935
919
919
933
1817
887
919
1817
885
902
902
935
935
935
919
919
933
1817
887
919
1817
885
902
902
935
935
935
919
919
919
933
1817
887
1817
885
902
902
935
935
935
919
933
919
919
1817
987
1817
887
885
902
902
935
935
935
919
933
919
1817
919
1817
887
885
902
902
935
935
935
919
933
919
1817
919
1817
887
885
902
902
935
935
935
919
933
919
1817
919
1817
887
902
902
885
935
935
935
919
919
933
1817
919
1817
887
902
885
902
935
935
935
919
933
919
1817
919
1817
887
885
902
902
935
935
935
919
919
933
1817
919
1817
887
885
902
902
935
935
935
919
919
933
1817
919
1817
887
885
902
902
935
935
935
919
919
933
1817
919
1817
887
902
885
902
935
935
935
919
933
919
1817
919
1817
887
885
902
902
935
935
935
919
919
933
1817
919
1817
887
885
902
902
935
935
935
919
933
919
919
1817
1817
887
885
902
902
935
935
935
919
919
933
1817
919
1817
887
885
902
902
935
935
935
919
919
933
1817
919
1817
887
885
902
902
935
935
935
919
919
933
1817
919
1817
887
885
902
902
935
935
935
919
933
919
1817
919
1817
887
885
902
902
935
935
935
919
933
919
1817
919
887
1817
902
885
902
935
935
935
919
933
919
919
1817
1817
887
902
885
902
935
935
935
919
933
919
1817
919
1817
887
902
885
902
935
935
935
919
933
919
1817
919
1817
887
885
902
902
935
935
935
919
919
933
1817
919
1817
887
885
902
902
935
935
935
919
919
933
919
1817
1817
887
885
902
902
935
935
935
919
933
919
1817
887
919
1817
885
902
902
935
935
935
919
933
919
1817
887
919
1817
902
902
885
935
935
935
919
933
919
1817
919
1817
887
885
902
902
935
935
935
919
933
919
1817
887
919
1817
902
902
885
935
935
935
919
919
933
919
1817
1817
887
885
902
902
935
935
935
919
933
919
1817
919
1817
887
885
902
902
935
935
935
919
933
919
919
1817
1817
887
902
902
885
935
935
935
919
933
919
919
1817
1817
887
885
902
902
935
935
935
919
919
933
1817
919
1817
887
885
902
902
935
935
935
919
919
933
1817
919
1817
887
885
902
902
935
935
935
919
919
933
919
1817
1817
887
885
902
902
935
935
935
919
933
919
919
1817
1817
887
902
902
885
935
935
935
919
919
933
919
1817
1817
887
885
902
902
935
935
935
919
919
933
1817
919
1817
887
885
902
902
935
935
935
919
933
919
919
1817
1817
887
885
902
902
935
935
935
919
919
933
1817
919
1817
887
902
902
885
935
935
935
919
919
933
1817
919
1817
887
902
902
885
935
935
935
919
919
933
1817
919
1817
887
885
902
902
935
935
935
919
919
933
1817
919
1817
887
885
902
902
935
935
935
919
933
919
1817
919
1817
887
902
902
885
935
935
935
919
933
919
919
1817
1817
887
885
902
902
935
935
935
919
919
933
1817
919
1817
887
885
902
902
935
935
935
919
933
919
1817
919
1817
887
885
902
902
935
935
935
919
933
919
919
1817
1817
887
885
902
902
935
935
935
919
919
933
1817
919
1817
887
885
902
902
935
935
935
919
919
933
1817
919
1817
887
902
885
902
935
935
935
919
919
933
919
1817
1817
887
885
902
902
935
935
935
919
919
933
919
1817
1817
887
885
902
902
935
935
935
919
933
919
919
1817
1817
887
885
902
902
935
935
935
919
919
933
1817
919
1817
887
902
902
885
935
935
935
919
919
933
1817
919
1817
887
902
902
885
935
935
935
919
933
919
1817
887
919
1817
885
902
902
935
935
935
919
919
933
919
1817
1817
887
885
902
902
935
935
935
919
919
933
1817
919
1817
887
885
902
902
935
935
935
919
933
919
1817
919
1817
887
885
902
902
935
935
935
919
933
919
919
1817
1817
887
902
902
885
935
935
935
919
933
919
919
1817
1817
887
885
902
902
935
935
935
919
933
919
919
1817
1817
887
885
902
902
935
935
935
919
919
933
919
1817
1817
887
885
902
902
935
935
935
919
919
933
919
1817
1817
887
885
902
902
935
935
935
919
933
919
919
1817
1817
887
885
902
902
935
935
935
919
933
919
919
1817
1817
887
885
902
902
935
935
935
919
919
933
1817
919
1817
887
885
902
902
935
935
935
919
933
919
1817
919
1817
887
885
902
902
935
935
935
919
919
933
919
1817
1817
887
885
902
902
935
935
935
919
919
933
1817
887
919
1817
885
902
902
935
935
935
919
919
933
1817
919
1817
887
885
902
902
935
935
935
919
933
919
1817
887
919
1817
885
902
902
935
935
935
919
933
919
919
1817
1817
887
885
902
902
935
935
935
919
933
919
919
1817
1817
887
885
902
902
935
935
935
919
919
933
919
1817
1817
887
885
902
902
935
935
935
919
919
933
1817
919
1817
887
885
902
902
935
935
935
919
919
933
1817
919
1817
887
885
902
902
935
935
935
919
919
933
1817
887
919
1817
902
902
885
935
935
935
919
919
933
1817
919
1817
887
885
902
902
935
935
935
919
919
933
1817
919
1817
887
902
885
902
935
935
935
919
919
919
933
1817
887
1817
885
902
902
935
935
935
919
933
919
919
1817
887
1817
885
902
902
935
935
935
919
933
919
1817
919
1817
887
885
902
902
935
935
935
919
933
919
919
1817
1817
887
902
885
902
935
935
935
919
919
919
933
1817
887
1817
885
902
902
935
935
935
919
919
933
1817
887
919
1817
885
902
902
935
935
935
919
919
933
919
1817
1817
887
885
902
902
935
935
935
919
933
919
919
1817
887
1817
885
902
902
935
935
935
919
919
933
1817
919
1817
887
885
902
902
935
935
935
919
919
933
1817
919
1817
887
885
902
902
935
935
935
919
933
919
919
1817
887
1817
885
902
902
935
935
935
919
933
919
919
1817
1817
887
885
902
902
935
935
935
919
933
919
919
1817
1817
887
885
902
902
935
935
935
919
933
919
1817
919
1817
887
902
885
902
935
935
935
919
933
919
1817
919
1817
887
885
902
902
935
935
935
919
933
919
919
1817
1817
887
885
902
902
935
935
935
919
919
933
919
1817
1817
887
885
902
902
935
935
935
919
919
933
1817
919
1817
887
885
902
902
935
935
935
919
919
933
919
1817
1817
887
885
902
902
935
935
935
919
919
933
1817
887
919
1817
885
902
902
935
935
935
919
933
919
919
1817
1817
887
885
902
902
935
935
935
919
919
933
919
1817
1817
887
885
902
902
935
935
935
919
919
933
919
1817
1817
887
885
902
902
935
935
935
919
933
919
919
1817
887
1817
902
902
885
935
935
935
919
919
933
919
1817
1817
887
885
902
902
935
935
935
919
919
933
1817
887
919
1817
885
902
902
935
935
935
919
933
919
919
1817
1817
887
885
902
902
935
935
935
919
933
919
919
1817
887
1817
885
902
902
935
935
935
919
933
919
919
1817
887
1817
885
902
902
902
1831
1833
1834
935
935
919
919
933
1817
887
885
902
902
902
1831
1833
1834
935
935
919
919
933
887
1817
885
902
902
902
1831
1833
1834
935
935
919
933
919
1817
887
902
902
902
885
1831
1833
1834
935
935
919
919
933
1817
887
885
902
902
902
1831
1833
1834
935
935
919
933
887
919
1817
885
902
902
902
1831
1833
1834
935
935
919
919
933
1817
887
885
902
902
935
935
935
919
919
933
919
1817
887
1817
902
902
885
935
935
935
919
919
933
1817
919
1817
887
885
902
902
935
935
935
919
933
919
919
1817
1817
887
885
902
902
935
935
935
919
919
933
1817
919
1817
887
885
902
902
935
935
935
919
933
919
1817
919
1817
887
885
902
902
935
935
935
919
919
933
1817
887
919
1817
902
902
885
935
935
935
919
919
933
1817
919
1817
887
885
902
902
935
935
935
919
919
933
1817
919
1817
887
885
902
902
935
935
935
919
933
919
1817
919
1817
887
885
902
902
935
935
935
919
933
919
919
1817
887
1817
885
902
902
935
935
935
919
933
919
919
1817
1817
887
885
902
902
935
935
935
919
933
919
1817
919
1817
887
885
902
902
935
935
935
919
919
933
1817
919
1817
887
885
902
902
935
935
935
919
933
919
1817
919
1817
887
902
885
902
935
935
935
919
919
933
1817
887
919
1817
885
902
902
935
935
935
919
919
933
1817
887
919
1817
885
902
902
935
935
935
919
933
919
1817
919
1817
887
885
902
902
935
935
935
919
919
933
919
1817
1817
887
902
902
885
935
935
935
919
933
919
1817
919
1817
887
885
902
902
935
935
935
919
933
919
919
1817
1817
887
885
902
902
935
935
935
919
919
933
1817
919
1817
887
885
902
902
935
935
935
919
919
933
1817
919
1817
887
885
902
902
935
935
935
919
919
933
1817
919
1817
887
885
902
902
935
935
935
919
933
919
1817
919
1817
887
885
902
902
902
902
902
902
935
935
935
919
919
933
919
1817
1817
887
902
902
885
935
935
935
919
919
933
1817
919
1817
887
902
902
885
935
935
935
919
933
919
919
1817
887
1817
885
902
902
935
935
935
919
919
933
919
1817
1817
887
885
902
902
935
935
935
919
919
933
1817
919
1817
887
885
902
902
935
935
935
919
919
933
1817
919
1817
887
885
902
902
935
935
935
919
919
933
1817
919
1817
887
902
885
902
935
935
935
919
933
919
1817
919
1817
887
885
902
902
935
935
935
919
933
919
1817
919
1817
887
885
902
902
935
935
935
919
933
919
1817
919
1817
887
885
902
902
935
935
935
919
919
933
1817
919
1817
887
902
902
885
935
935
935
919
919
933
1817
919
1817
887
885
902
902
935
935
935
919
933
919
919
1817
1817
887
885
902
902
935
935
935
919
933
919
919
1817
1817
887
885
902
902
935
935
935
919
933
919
1817
919
1817
887
885
902
902
935
935
935
919
933
919
919
1817
1817
887
885
902
902
935
935
935
919
919
933
919
1817
887
1817
902
885
902
935
935
935
919
919
933
1817
919
1817
887
885
902
902
935
935
935
919
933
919
1817
919
1817
887
902
902
885
935
935
935
919
919
933
1817
919
1817
887
885
902
902
935
935
935
919
919
933
1817
919
1817
887
885
902
902
935
935
935
919
919
933
1817
919
1817
887
885
902
902
935
935
935
919
933
919
919
1817
1817
887
885
902
902
935
935
935
919
933
919
919
1817
1817
887
885
902
902
935
935
935
919
933
919
1817
919
1817
887
885
902
902
935
935
935
919
933
919
919
1817
1817
887
885
902
902
935
935
935
919
919
933
919
1817
1817
887
885
902
902
935
935
935
919
919
933
1817
919
1817
887
902
902
885
935
935
935
919
933
919
1817
919
1817
887
902
902
885
935
935
935
919
919
933
1817
919
1817
887
885
902
902
935
935
935
919
933
919
919
1817
1817
887
885
902
902
935
935
935
919
919
933
1817
887
919
1817
902
902
885
935
935
935
919
919
919
933
1817
887
1817
902
902
885
935
935
935
919
933
919
1817
919
1817
887
902
902
885
935
935
935
919
919
933
919
1817
1817
887
902
885
902
935
935
935
919
919
933
919
1817
1817
887
885
902
902
935
935
935
919
919
933
1817
887
919
1817
885
902
902
935
935
935
919
933
919
919
1817
887
1817
885
902
902
935
935
935
919
919
919
933
1817
887
1817
885
902
902
935
935
935
919
933
919
919
1817
1817
887
885
902
902
935
935
935
919
919
933
1817
919
1817
887
885
902
902
935
935
935
919
933
919
919
1817
1817
887
885
902
902
935
935
935
919
933
919
919
1817
1817
887
902
885
902
935
935
935
919
919
933
1817
919
1817
887
885
902
902
935
935
935
919
919
933
1817
887
919
1817
885
902
902
935
935
935
919
919
919
933
1817
887
1817
885
902
902
935
935
935
919
933
919
919
1817
1817
887
885
902
902
935
935
935
919
919
933
1817
919
1817
887
885
902
902
935
935
935
919
919
933
1817
887
919
1817
885
902
902
935
935
935
919
919
933
1817
887
919
1817
885
902
902
935
935
935
919
919
933
1817
919
1817
887
902
902
885
935
935
935
919
933
919
919
1817
1817
887
885
902
902
935
935
935
919
933
919
919
1817
1817
887
885
902
902
935
935
935
919
919
933
919
1817
1817
887
885
902
902
935
935
935
919
919
933
1817
919
1817
887
885
902
902
935
935
935
919
933
919
919
1817
1817
887
885
902
902
935
935
935
919
919
933
1817
887
919
1817
885
902
902
935
935
935
919
919
933
1817
887
919
1817
885
902
902
935
935
935
919
919
919
933
1817
1817
887
885
902
902
935
935
935
919
933
919
919
1817
1817
887
885
902
902
935
935
935
919
933
919
919
1817
1817
887
885
902
902
935
935
935
919
919
919
933
1817
887
1817
885
902
902
935
935
935
919
933
919
919
1817
1817
887
902
902
885
935
935
935
919
919
919
933
1817
887
1817
885
902
902
935
935
935
919
919
933
1817
919
1817
887
885
902
902
935
935
935
919
933
887
919
919
1817
1817
885
902
902
935
935
935
919
933
919
919
1817
1817
887
902
885
902
935
935
935
919
919
919
933
1817
1817
887
885
902
902
935
935
935
919
919
933
887
919
1817
1817
885
902
902
935
935
935
919
933
887
919
919
1817
1817
885
902
902
935
935
935
919
933
919
919
1817
1817
887
885
902
902
935
935
935
919
919
919
933
1817
1817
887
902
885
902
935
935
935
919
919
919
933
1817
1817
887
885
902
902
935
935
935
919
919
933
1817
919
1817
887
885
902
902
935
935
935
919
919
933
1817
887
919
1817
885
902
902
935
935
935
919
933
919
1817
919
1817
887
885
902
902
935
935
935
919
919
933
1817
887
919
1817
885
902
902
935
935
935
919
919
933
1817
919
1817
887
885
902
902
935
935
935
919
919
919
933
1817
1817
887
885
902
902
935
935
935
919
919
933
1817
919
1817
887
885
902
902
935
935
935
919
933
919
1817
887
919
1817
885
902
902
935
935
935
919
933
919
1817
919
1817
887
885
902
902
935
935
935
919
933
919
1817
919
1817
887
885
902
902
935
935
935
919
933
919
1817
919
1817
887
885
902
902
935
935
935
919
919
933
919
1817
887
1817
885
902
902
935
935
935
919
933
919
1817
919
1817
887
885
902
902
935
935
935
919
933
919
1817
919
1817
887
902
902
885
935
935
935
919
933
919
1817
919
1817
887
902
902
885
935
935
935
919
933
919
1817
919
1817
887
885
902
902
935
935
935
919
919
933
1817
919
1817
887
885
902
902
935
935
935
919
919
933
1817
919
1817
887
885
902
902
935
935
935
919
919
933
1817
919
1817
887
885
902
902
935
935
935
919
933
919
1817
887
919
1817
885
902
902
935
935
935
919
919
933
1817
887
919
1817
902
902
885
935
935
935
919
933
919
1817
887
919
1817
885
902
902
935
935
935
919
919
933
1817
887
919
1817
885
902
902
935
935
935
919
919
933
1817
887
919
1817
902
902
885
935
935
935
919
919
933
1817
887
919
1817
885
902
902
935
935
935
919
933
919
1817
887
919
1817
885
902
902
935
935
935
919
933
919
919
1817
1817
887
902
902
885
935
935
935
919
933
919
919
1817
887
1817
885
902
902
935
935
935
919
919
919
933
1817
1817
887
885
902
902
935
935
935
919
933
919
919
1817
1817
887
902
902
885
935
935
935
919
919
919
933
1817
1817
887
885
902
902
935
935
935
919
933
919
1817
887
919
1817
885
902
902
935
935
935
919
919
933
1817
887
919
1817
885
902
902
935
935
935
919
933
919
1817
887
919
1817
885
902
902
935
935
935
919
919
933
1817
887
919
1817
885
902
902
935
935
935
919
919
933
1817
887
919
1817
885
902
902
935
935
935
919
919
933
1817
887
919
1817
885
902
902
935
935
935
919
933
919
919
1817
1817
887
885
902
902
935
935
935
919
933
919
919
1817
1817
887
902
885
902
935
935
935
919
933
919
1817
887
919
1817
885
902
902
935
935
935
919
919
933
1817
887
919
1817
885
902
902
935
935
935
919
933
919
919
1817
887
1817
885
902
902
935
935
935
919
933
919
919
1817
1817
887
885
902
902
935
935
935
919
933
919
1817
887
919
1817
885
902
902
935
935
935
919
933
919
1817
919
1817
887
885
902
902
935
935
935
919
919
933
1817
887
919
1817
885
902
902
935
935
935
919
919
933
919
1817
1817
887
885
902
902
935
935
935
919
933
919
919
1817
1817
887
885
902
902
935
935
935
919
933
919
1817
919
1817
887
885
902
902
935
935
935
919
919
933
1817
919
1817
887
885
902
902
935
935
935
919
933
919
919
1817
887
1817
885
902
902
935
935
935
919
933
919
919
1817
1817
887
885
902
902
935
935
935
919
933
919
1817
887
919
1817
885
902
902
935
935
935
919
933
919
919
1817
887
1817
885
902
902
935
935
935
919
933
919
1817
919
887
1817
885
902
902
935
935
935
919
933
919
1817
919
1817
887
885
902
902
935
935
935
919
933
919
1817
887
919
1817
902
902
885
935
935
935
919
933
919
1817
887
919
1817
885
902
902
935
935
935
919
933
919
1817
919
1817
887
885
902
902
935
935
935
919
933
919
1817
919
1817
887
885
902
902
935
935
935
919
933
919
1817
919
1817
887
885
902
902
935
935
935
919
933
919
1817
919
887
1817
885
902
902
935
935
935
919
933
919
919
1817
1817
887
902
885
902
935
935
935
919
933
919
1817
887
919
1817
885
902
902
935
935
935
919
933
919
1817
887
919
1817
885
902
902
935
935
935
919
919
933
1817
887
919
1817
885
902
902
935
935
935
919
919
933
1817
887
919
1817
885
902
902
935
935
935
919
919
933
1817
919
1817
887
885
902
902
935
935
935
919
933
919
1817
887
919
1817
902
902
885
935
935
935
919
933
919
1817
919
1817
887
885
902
902
935
935
935
919
919
933
1817
919
1817
887
885
902
902
935
935
935
919
933
919
1817
887
919
1817
902
902
885
935
935
935
919
933
919
1817
887
919
1817
885
902
902
935
935
935
919
933
919
1817
919
1817
887
885
902
902
935
935
935
919
933
919
1817
887
919
1817
902
902
885
935
935
935
919
919
933
1817
919
1817
887
885
902
902
935
935
935
919
919
933
1817
887
919
1817
885
902
902
935
935
935
919
933
919
919
1817
1817
887
885
902
902
935
935
935
919
933
919
919
1817
1817
887
885
902
902
935
935
935
919
919
933
1817
919
1817
887
885
902
902
935
935
935
919
933
919
919
1817
887
1817
885
902
902
935
935
935
919
933
887
919
919
1817
1817
885
902
902
935
935
935
919
933
919
919
1817
1817
887
885
902
902
935
935
935
919
919
933
1817
919
1817
887
885
902
902
935
935
935
919
933
919
919
1817
887
1817
885
902
902
935
935
935
919
933
919
919
1817
1817
887
885
902
902
935
935
935
919
933
919
919
1817
1817
887
885
902
902
935
935
935
919
919
933
1817
887
919
1817
885
902
902
935
935
935
919
919
933
1817
887
919
1817
885
902
902
935
935
935
919
919
919
933
1817
1817
887
885
902
902
935
935
935
919
919
933
1817
887
919
1817
885
902
902
935
935
935
919
933
919
919
1817
1817
887
885
902
902
935
935
935
919
933
887
919
919
1817
1817
885
902
902
935
935
935
919
919
919
933
1817
1817
887
885
902
902
935
935
935
919
933
887
919
919
1817
1817
885
902
902
935
935
935
919
933
887
919
919
1817
1817
885
902
902
935
935
935
919
919
933
1817
887
919
1817
885
902
902
935
935
935
919
919
919
933
1817
1817
887
885
902
902
935
935
935
919
919
933
919
1817
1817
987
920
920
935
935
927
927
934
934
920
920
935
935
927
927
934
934
887
902
902
902
885
1831
1833
1834
935
935
919
919
933
887
1817
885
901
902
902
1831
1833
1834
935
935
919
919
933
1817
887
885
901
902
902
1831
1833
1834
935
935
887
919
919
933
1817
901
901
901
902
902
902
902
902
902
902
902
902
1830
1830
1830
1832
1832
1832
1834
1834
1834
1834
1834
1834
902
902
902
885
1831
1833
1834
935
935
919
933
887
919
1817
885
902
902
902
1831
1833
1834
935
935
919
933
887
919
1817
902
885
901
902
1831
1833
1834
935
935
919
933
887
919
1817
885
901
902
902
1831
1833
1834
935
935
919
919
933
1817
887
902
885
902
902
1831
1833
1834
935
935
919
919
933
1817
887
902
885
902
902
1831
1833
1834
935
935
919
919
933
1817
887
885
901
902
902
1831
1833
1834
935
935
919
919
933
1817
887
885
902
902
902
1831
1833
1834
935
935
887
919
919
933
1817
885
901
902
902
1831
1833
1834
935
935
919
919
933
1817
887
902
902
902
1834
885
1831
1833
935
935
919
919
933
1817
887
885
902
902
902
1831
1833
1834
935
935
919
919
933
1817
887
885
901
902
902
1831
1833
1834
935
919
919
933
935
887
1817
885
902
902
902
1831
1833
1834
935
935
919
919
933
1817
887
885
901
902
902
1831
1833
1834
935
935
887
919
919
933
1817
885
901
902
902
1831
1833
1834
935
919
933
935
887
919
1817
885
901
902
902
1831
1833
1834
935
935
919
919
933
1817
987
887
885
902
902
902
1831
1833
1834
935
935
919
933
887
919
1817
885
902
902
902
1831
1833
1834
935
935
919
933
887
919
1817
902
885
902
902
1831
1833
1834
935
935
919
919
933
1817
887
902
902
902
1831
1833
1834
885
935
935
919
919
933
1817
887
885
902
902
902
1831
1833
1834
935
935
919
933
919
987
1817
887
901
902
902
1831
1833
1834
885
935
935
919
933
887
919
1817
902
885
902
902
1831
1833
1834
935
935
919
919
933
1817
887
885
902
902
902
1831
1833
1834
935
919
933
935
919
1817
887
885
902
902
902
1831
1833
1834
935
935
919
919
933
1817
887
885
902
902
902
1831
1833
1834
935
935
919
919
933
1817
887
885
902
902
902
1831
1833
1834
935
919
935
887
919
933
1817
901
902
902
1831
1833
1834
885
935
935
919
919
933
1817
987
887
885
902
902
902
1831
1833
1834
935
935
919
919
933
1817
887
885
902
902
902
1831
1833
1834
935
935
919
933
887
919
1817
885
901
902
902
1831
1833
1834
935
935
887
919
919
933
1817
885
901
902
902
1831
1833
1834
935
935
919
919
933
887
1817
885
901
902
902
1831
1833
1834
935
919
933
935
887
919
1817
885
902
902
902
1831
1833
1834
935
935
919
919
933
1817
987
887
885
902
902
902
1831
1833
1834
935
935
919
919
933
1817
887
885
902
902
902
1831
1833
1834
935
935
919
919
933
1817
887
885
902
902
902
1831
1833
1834
935
935
919
933
887
919
1817
885
902
902
902
1831
1833
1834
935
919
935
887
919
933
1817
885
902
902
902
1831
1833
1834
935
935
919
919
933
1817
887
885
901
902
902
1831
1833
1834
935
935
919
933
887
919
1817
885
902
902
902
1831
1833
1834
935
935
919
933
887
919
1817
885
901
902
902
1831
1833
1834
935
935
919
933
919
1817
887
902
902
902
1831
1833
1834
885
935
935
919
933
887
919
1817
885
902
902
902
1831
1833
1834
935
935
919
919
933
1817
887
902
902
902
1831
1834
885
1833
935
935
919
933
919
987
1817
887
902
902
902
1834
885
1831
1833
935
935
919
919
933
1817
887
902
902
885
901
1831
1833
1834
935
935
919
919
933
1817
887
885
902
902
902
1831
1833
1834
935
935
919
933
887
919
1817
885
902
902
902
1831
1833
1834
935
935
919
919
933
1817
887
885
902
902
902
1831
1833
1834
935
935
919
919
933
1817
887
902
902
902
1831
1834
885
1833
935
935
919
919
933
887
1817
902
902
902
1831
1833
1834
885
935
935
919
933
887
919
1817
901
902
902
1834
885
1831
1833
935
935
919
919
933
1817
887
885
902
902
902
1831
1833
1834
935
935
919
919
933
1817
887
885
902
902
902
1831
1833
1834
935
919
935
887
919
933
1817
885
902
902
902
1831
1833
1834
935
935
919
919
933
1817
887
885
902
902
902
1831
1833
1834
935
935
919
919
933
1817
887
885
902
902
935
935
935
919
933
919
919
1817
1817
887
885
902
902
935
935
935
919
919
919
933
1817
887
1817
885
902
902
902
1831
1833
1834
935
935
919
919
933
1817
987
887
885
902
902
902
1831
1833
1834
935
935
887
919
919
933
1817
902
902
902
1831
1833
1834
885
935
935
919
933
887
919
1817
902
885
902
902
1831
1833
1834
935
935
901
901
902
902
902
902
902
902
902
902
1830
1830
1832
1832
1834
1834
1834
1834
887
919
919
933
1817
885
902
902
902
1831
1833
1834
935
919
933
935
887
919
1817
902
902
902
1831
1833
1834
885
935
935
919
919
933
1817
887
885
902
902
902
1831
1833
1834
935
935
919
919
933
1817
887
901
902
902
1831
1834
885
1833
935
935
919
919
933
1817
887
902
885
901
902
1831
1833
1834
935
935
919
919
933
1817
887
885
902
902
902
1831
1833
1834
935
919
933
935
887
919
1817
902
902
902
1834
885
1831
1833
935
935
919
919
933
1817
887
885
902
902
902
1831
1833
1834
935
919
933
935
887
919
1817
902
902
902
1831
1833
1834
885
935
935
919
919
933
1817
887
885
901
902
902
1831
1833
1834
935
935
887
919
919
933
1817
885
902
902
902
1831
1833
1834
935
935
887
919
919
933
1817
885
901
902
902
1831
1833
1834
935
935
887
919
919
933
1817
885
901
902
902
1831
1833
1834
935
935
919
919
933
987
1817
887
885
902
902
902
1831
1833
1834
935
935
919
919
933
1817
887
885
902
902
902
1831
1833
1834
935
935
919
933
887
919
1817
885
902
902
902
1831
1833
1834
935
935
919
933
887
919
1817
885
902
902
902
1831
1833
1834
935
935
919
919
933
987
1817
887
885
901
902
902
1831
1833
1834
935
935
919
933
919
887
1817
885
902
902
902
1831
1833
1834
935
935
919
919
933
1817
887
901
902
902
1831
1833
1834
885
935
935
919
919
933
1817
887
885
902
902
902
1831
1833
1834
935
935
919
887
919
933
1817
885
902
902
902
1831
1833
1834
935
935
919
919
933
1817
887
885
902
902
902
1831
1833
1834
935
935
919
919
1817
933
887
902
885
901
902
1831
1833
1834
935
935
919
919
933
887
1817
885
901
902
902
1831
1833
1834
935
935
919
933
887
919
1817
885
902
902
902
1831
1833
1834
935
935
887
919
919
933
1817
885
902
902
902
1831
1833
1834
935
919
933
935
887
919
1817
885
901
902
902
1831
1833
1834
935
935
919
933
887
919
1817
902
885
902
902
1831
1833
1834
935
935
919
919
933
1817
887
902
902
902
885
1831
1833
1834
935
935
919
887
919
933
1817
885
902
902
902
1831
1833
1834
935
935
919
919
933
1817
887
885
902
902
902
1831
1833
1834
935
935
887
919
919
933
1817
885
901
902
902
1831
1833
1834
935
935
919
919
933
1817
987
887
885
902
902
902
1831
1833
1834
935
935
919
933
887
919
1817
885
901
902
902
1831
1833
1834
935
935
919
919
933
1817
987
887
902
902
885
901
1831
1833
1834
935
935
919
919
933
1817
887
885
902
902
902
1831
1833
1834
935
935
887
919
919
933
1817
885
901
902
902
1831
1833
1834
935
935
887
919
919
933
1817
885
901
902
902
1831
1833
1834
935
919
933
935
887
919
1817
885
902
902
902
1831
1833
1834
935
935
887
919
919
933
1817
885
902
902
902
1831
1833
1834
935
919
935
919
933
987
1817
887
902
902
885
901
1831
1833
1834
935
935
887
919
919
933
1817
885
902
902
902
1831
1833
1834
935
935
919
933
887
919
1817
885
902
902
902
1831
1833
1834
935
935
919
919
933
1817
887
902
902
902
1831
1833
1834
885
935
935
919
919
933
1817
887
885
902
902
902
1831
1833
1834
935
935
887
919
919
933
1817
885
901
902
902
1831
1833
1834
935
935
919
919
933
1817
887
885
902
902
902
1831
1833
1834
935
935
919
919
933
1817
887
902
902
902
1831
1833
1834
885
935
935
887
919
919
933
1817
885
901
902
902
1831
1833
1834
935
935
887
919
919
933
1817
885
902
902
902
1831
1833
1834
935
935
919
919
933
1817
887
885
901
902
902
1831
1833
1834
935
935
887
919
919
933
1817
885
901
902
902
1831
1833
1834
935
935
919
919
933
1817
887
902
885
902
902
1831
1833
1834
935
935
919
933
887
919
1817
885
902
902
902
1831
1833
1834
935
935
919
919
933
1817
887
885
901
902
902
1831
1833
1834
935
935
919
919
933
887
1817
885
902
902
902
1831
1833
1834
935
935
887
919
919
933
1817
902
902
885
935
935
935
919
919
933
919
1817
1817
887
885
902
902
935
935
935
919
933
887
919
919
1817
1817
920
920
885
902
902
902
1831
1833
1834
935
935
935
919
933
935
927
934
887
919
927
1817
934
885
902
902
902
1831
1833
1834
935
935
919
919
933
1817
887
885
902
902
902
1831
1833
1834
935
935
919
919
933
1817
887
902
902
902
1831
1833
1834
885
935
935
919
919
933
1817
887
885
902
902
902
1831
1833
1834
935
935
919
919
933
1817
987
901
901
902
902
902
902
902
902
1830
1830
1832
1834
1834
1834
1834
901
901
902
902
902
902
902
902
1830
1830
1832
1832
1832
1834
1834
1834
1834
887
885
902
902
902
1831
1833
1834
935
935
919
919
933
1817
887
902
885
902
902
1831
1833
1834
935
935
919
919
933
1817
887
902
902
902
1834
885
1831
1833
935
935
919
919
933
1817
887
902
885
901
902
1831
1833
1834
935
935
919
919
933
987
1817
887
885
902
902
902
1831
1833
1834
935
935
919
919
933
1817
887
885
902
902
902
1831
1833
1834
935
935
919
933
887
919
1817
902
885
902
902
1831
1833
1834
935
935
919
919
933
1817
887
885
901
902
902
1831
1833
1834
935
935
919
919
933
1817
887
885
902
902
902
1831
1833
1834
935
935
919
919
933
1817
887
901
902
902
1831
1833
1834
885
935
935
919
919
933
1817
887
885
902
902
902
1831
1833
1834
935
935
919
933
887
919
1817
885
902
902
902
1831
1833
1834
935
919
935
887
919
933
1817
885
902
902
902
1831
1833
1834
935
935
919
919
933
1817
887
885
902
902
902
1831
1833
1834
935
935
919
919
933
1817
887
885
902
902
902
1831
1833
1834
935
935
919
933
919
987
1817
887
885
901
902
902
1831
1833
1834
935
935
919
933
887
919
1817
885
902
902
902
1831
1833
1834
935
935
919
919
933
1817
987
887
885
902
902
902
1831
1833
1834
935
935
919
919
933
1817
987
887
885
901
902
902
1831
1833
1834
935
935
887
919
919
933
1817
885
902
902
902
1831
1833
1834
935
935
919
919
933
1817
887
902
885
902
902
1831
1833
1834
935
935
919
919
933
987
1817
887
885
901
902
902
1831
1833
1834
935
935
919
919
933
887
1817
885
902
902
902
1831
1833
1834
935
935
919
933
887
919
1817
885
902
902
902
1831
1833
1834
935
935
919
887
919
933
1817
885
901
902
902
1831
1833
1834
935
935
887
919
919
933
1817
885
902
902
902
1831
1833
1834
935
935
919
933
887
919
1817
885
902
902
902
1831
1833
1834
935
919
933
935
887
919
1817
901
902
902
1831
1833
1834
885
935
935
919
919
933
1817
987
887
885
902
902
935
935
935
919
919
919
933
1817
887
1817
902
902
902
902
920
920
927
927
935
935
934
934
920
920
927
935
935
927
934
934
902
902
902
902
920
920
935
927
927
934
935
934
920
920
927
935
927
934
934
935
902
902
902
902
973
974
975
997
974
1001
976
863
866
1016
851
864
866
1016
851
864
858
859
857
854
860
862
852
855
856
853
985
983
861
861
865
867
1003
1822
920
920
935
927
934
927
935
934
920
920
927
927
934
935
934
935
902
902
902
902
920
927
920
935
935
927
934
934
920
920
927
927
935
935
934
934
902
902
902
902
920
920
927
927
935
934
935
934
920
920
927
935
935
934
927
934
902
902
902
902
920
927
920
935
927
934
934
935
920
920
927
927
935
935
934
934
902
902
902
902
920
927
927
920
935
935
934
934
0
920
920
927
935
927
934
935
934
232
182
184
181
186
188
190
212
192
226
227
228
231
1859
194
193
213
221
219
217
218
220
69
85
82
86
68
68
68
68
68
68
68
68
93
83
87
92
74
84
71
109
114
111
113
103
103
103
103
116
223
1052
215
246
245
172
167
222
902
902
902
902
166
157
164
161
160
159
171
288
160
1152
159
171
69
85
75
83
84
86
92
150
150
150
151
126
156
167
230
152
71
881
1338
250
251
252
253
254
255
1553
157
164
166
160
161
159
171
1806
1805
77
78
79
170
233
234
920
927
927
920
935
935
934
934
920
920
927
927
935
935
934
934
902
902
902
902
920
920
935
935
927
927
934
934
920
920
927
927
935
934
935
934
902
902
902
902
920
920
927
927
935
935
934
934
920
920
935
927
927
934
934
935
902
902
902
902
920
920
935
927
927
934
935
934
920
920
935
927
927
934
935
934
902
902
902
902
920
920
927
927
935
935
934
934
920
920
935
935
934
934
927
927
902
902
902
902
920
920
935
927
927
935
934
934
920
920
927
934
935
935
927
934
902
902
902
902
920
920
927
927
934
935
935
934
920
920
927
927
935
934
935
934
