2.9162950014346762 1.1749805831417888
1.8723498882024128 1.0887299566557438
1.6032134083472047 2.9868579554159442
2.0326534687556466 1.5904528563707738
1.3310336646139038 1.7874733682031072
2.441580624367878 1.7653322419365
1.8253245152563533 1.744797250506251
1.0065160646543276 2.243278227104307
1.4163993535785908 1.4384700239679602
2.825054104893793 1.7453615894411068
2.511255632582434 1.8894894422153434
1.7698455970145401 1.542519351491207
2.3380243596093786 2.124132384828192
2.2015051849335943 1.7404607280710511
2.785148643649054 1.1729896449414514
2.6364170845573582 1.9922608478851744
1.9376680183001507 1.7858538702252458
2.113984589927333 1.9367045483765057
2.4333496975438287 1.971580434499623
2.375369989504019 2.6505309913093287
2.975511374404814 2.917405802592156
2.2007724433988805 1.0396961353010306
1.9701672262175969 1.3563002667414332
1.393235276724914 2.0540078624106743
2.9579086464259423 2.821279700227323
1.719989032605928 1.1987439796939965
2.738689770495407 2.6237555897721174
2.5771522487316747 2.829513950612246
1.2971356599420605 2.9087698227275673
2.956508610135141 1.5557360060355054
1.2790200033732029 2.3453538883104414
1.0303710830656563 1.3143663597160218
1.4213876643849226 2.875996802402505
1.211397168676418 2.4128109647865825
1.2297321741378688 1.432241695876171
2.6081394438387213 2.4423051437495906
2.9997054164237484 1.6263033963044424
2.8339799051361636 2.8728951809702044
2.9928793202988904 1.5138659644801893
1.801004004606597 2.7485009072613
1.2369530631943295 1.4801886548168786
2.5787401806897714 1.3199272542536016
2.5339734231523856 1.8826011651659078
1.943635097212054 1.316950404672287
2.017048961458559 1.8225346225532084
1.7653198339258538 1.465499570801061
1.0489651896772076 2.142060205603315
1.5866134721593326 2.8510296068265726
1.9186671388358063 2.1265840109796037
2.254216865603813 2.1287295875441616