-1
843
1011
1037
1038
1039
1007
1012
1051
883
884
1816
1856
1020
1022
1021
1021
1021
1021
1021
1021
1024
1023
1812
1813
1814
1815
1856
841
841
841
841
841
1853
1854
972
991
988
999
990
1000
986
986
844
917
1047
1047
1047
907
908
897
898
1044
1045
1043
1046
895
892
900
900
900
892
892
892
892
892
892
892
968
968
968
968
1043
1044
1045
1046
967
967
967
1006
1017
1018
1043
1044
1045
1046
1019
1019
1019
995
996
1043
1044
1045
1046
913
978
979
1002
981
982
980
977
984
992
976
989
1005
1010
1008
1026
1032
994
1004
905
894
899
888
889
891
890
892
892
892
892
892
1028
1031
1009
969
998
971
904
-1
843
-1
843
-1
843
949
949
1037
949
1037
1038
1039
1038
1039
1037
1038
1039
917
918
926
917
939
932
922
931
917
918
926
917
939
1816
932
922
931
917
918
917
926
939
932
922
931
1856
1816
1020
1022
1816
1021
1021
1021
1023
1812
1856
1020
1022
1021
1021
1021
1856
1813
1814
1815
1020
841
1022
841
1021
1021
1021
1023
1812
841
841
841
1023
1812
1813
1814
1815
841
841
1813
1814
1815
841
841
1852
841
841
841
966
942
844
841
1852
841
841
1051
1026
1032
1852
966
942
844
1051
1026
1032
966
1051
942
844
1026
932
1032
936
938
925
1028
1031
932
932
936
938
925
936
938
925
1028
1031
1028
1031
921
916
913
915
912
921
916
913
915
912
921
916
909
914
910
911
913
912
915
937
929
909
910
911
914
960
937
929
909
914
910
911
937
929
960
960
953
954
965
958
955
959
953
953
954
954
965
965
1851
958
958
955
955
959
959
1851
1851
961
964
950
956
962
949
963
948
961
964
950
956
962
963
947
1840
943
949
945
923
946
961
964
956
950
962
963
949
948
947
945
943
1840
923
948
947
946
945
943
1840
946
923
886
903
1040
924
928
906
886
903
1040
924
928
886
903
1040
906
845
924
928
846
845
846
930
940
930
940
906
845
846
930
940
-1
843
1037
1039
1038
972
913
991
999
988
990
1000
986
986
844
917
1047
1047
1047
907
908
897
898
1044
1045
1043
1046
895
892
900
900
900
892
892
892
892
892
892
892
968
968
968
968
967
967
967
1043
1044
1045
1046
1006
1017
1018
1044
1043
1045
1046
1019
1019
1019
1013
1014
883
884
1816
1856
1020
1022
1021
1021
1021
1021
1021
1021
1023
1812
1813
1814
1815
1856
841
841
841
1015
841
841
-1
843
1247
882
881
1338
882
1079
1070
1332
1334
1327
1073
1068
1250
1077
1074
1075
1076
1037
1038
1039
1083
1069
1071
1247
1290
1325
1047
1047
1047
1048
882
1295
1295
1316
1319
1313
1308
1308
1254
1309
1320
1306
1326
881
1148
1151
1818
1249
1816
1856
1020
1022
1021
1021
1021
1021
1021
1021
1339
1023
1812
1813
1814
1815
1856
1041
1042
1042
841
841
841
1340
841
841
1026
1032
1078
1028
1031
1248
1042
1258
1333
1335
1257
1336
1041
1042
1257
1336
1055
1080
1081
1082
1072
1325
1026
1032
1078
1028
1031
1026
1078
1028
1031
1032
1051
1026
1032
1078
1028
1031
-1
-1
843
843
-1
843
1337
1248
1256
1140
1141
1142
1140
1141
1142
1140
1141
1142
1060
1058
1059
1062
1066
1061
1067
1145
1056
1057
1060
1058
1059
1062
1066
1061
1067
1145
1059
1060
1058
1061
1062
1066
1056
1057
1067
1145
1037
1056
1057
1037
1037
1038
1039
1144
1092
1038
1039
1144
1092
1039
1092
1038
1144
1092
1093
1092
1064
1065
1100
1126
1092
1063
1121
1093
1065
1138
1139
1064
1100
1126
1093
1065
1064
1100
1126
881
1063
1338
1134
1131
1132
1133
1129
1137
1129
881
1104
1338
1096
1063
1121
1121
1138
1138
1139
1139
881
881
1094
1338
1338
1131
1132
1132
1133
1133
1129
1129
1134
1134
1137
1137
1129
1129
1131
881
1104
1104
1338
881
1338
1096
1096
1094
1094
1026
1026
1026
1032
1032
1032
1028
1031
1078
1146
1026
1032
1028
1078
1078
1031
1028
1031
1124
1146
1101
1102
1869
1078
1028
1031
1026
1032
1146
1147
1078
1026
1032
1028
1078
1031
1124
1028
1031
1124
1101
1102
1869
1101
1102
1869
1147
1147
1816
1816
1816
1856
1020
1022
1021
1021
1021
1021
1021
1021
1856
1020
1022
1021
1021
1021
1021
1021
1021
1856
1020
1022
1021
1021
1021
1021
1021
1021
1339
1023
1812
1339
1023
1812
1339
1023
1813
1814
1815
1812
1856
841
841
1813
1814
1815
1813
1814
1815
1856
1856
841
841
841
841
841
1340
841
841
1095
1051
1052
841
1340
841
841
841
1095
1340
841
841
1095
1052
1052
1051
1051
1251
1292
1251
1292
1292
1251
839
1097
839
839
1097
1097
839
839
839
1301
1301
1301
902
902
885
935
935
935
919
933
919
1817
919
1817
987
887
885
902
902
935
935
935
919
933
919
1817
919
1817
887
902
885
902
935
935
935
919
933
919
1817
919
1817
887
902
885
902
935
935
935
919
933
919
1817
919
1817
887
902
902
885
935
935
935
919
933
919
1817
919
1817
887
885
902
902
935
935
935
919
933
919
919
1817
1817
887
885
902
902
935
935
935
919
933
919
1817
919
887
1817
885
902
902
935
935
935
919
933
919
1817
919
1817
887
885
902
902
935
935
935
919
933
919
1817
919
1817
887
885
902
902
935
935
935
919
933
919
1817
919
887
1817
885
902
902
935
935
935
919
919
933
919
1817
1817
887
885
902
902
935
935
935
919
933
919
1817
919
1817
887
885
902
902
935
935
935
919
933
919
919
1817
1817
887
902
885
902
935
935
935
919
919
933
1817
919
1817
887
885
902
902
935
935
935
919
933
919
1817
919
1817
887
902
902
885
935
935
935
919
933
919
1817
919
1817
887
902
885
902
935
935
935
919
933
919
919
1817
887
1817
885
902
902
935
935
935
919
933
919
1817
919
1817
887
885
902
902
935
935
935
919
933
919
1817
919
1817
887
902
902
885
935
935
935
919
933
919
1817
919
1817
887
885
902
902
935
935
935
919
933
919
919
1817
887
1817
885
902
902
935
935
935
919
933
919
919
1817
1817
887
885
902
902
935
935
935
919
933
919
1817
919
1817
887
885
902
902
935
935
935
919
933
919
1817
919
1817
887
885
902
902
935
935
935
919
933
919
1817
919
1817
887
885
902
902
935
935
935
919
919
933
919
1817
1817
887
885
902
902
935
935
935
919
933
919
919
1817
1817
887
885
902
902
935
935
935
919
919
933
919
1817
1817
887
902
902
885
935
935
935
919
933
919
1817
919
1817
887
885
902
902
935
935
935
919
919
933
1817
919
1817
887
885
902
902
935
935
935
919
919
933
1817
919
1817
887
885
902
902
935
935
935
919
933
919
1817
919
1817
887
902
902
885
935
935
935
919
919
933
1817
919
1817
887
885
902
902
935
935
935
919
933
919
919
1817
1817
887
902
885
902
935
935
935
919
919
933
919
1817
1817
887
885
902
902
935
935
935
919
919
933
1817
919
1817
887
885
902
902
935
935
935
919
919
933
1817
887
919
1817
885
902
902
935
935
935
919
919
933
1817
919
1817
887
885
902
902
935
935
935
919
933
919
1817
919
1817
887
902
885
902
935
935
935
919
933
919
919
1817
1817
887
885
902
902
935
935
935
919
933
919
1817
919
1817
887
885
902
902
935
935
935
919
933
919
1817
919
1817
887
902
885
902
935
935
935
919
933
919
1817
887
919
1817
885
902
902
935
935
935
919
919
933
1817
919
1817
887
885
902
902
935
935
935
919
933
919
919
1817
887
1817
885
902
902
935
935
935
919
933
919
919
1817
1817
887
902
902
885
935
935
935
919
919
933
1817
919
1817
887
902
902
885
935
935
935
919
919
933
1817
919
887
1817
885
902
902
935
935
935
919
919
933
1817
919
1817
887
885
902
902
935
935
935
919
933
919
919
1817
1817
887
885
902
902
935
935
935
919
919
933
919
1817
1817
887
885
902
902
935
935
935
919
919
933
919
1817
1817
887
885
902
902
935
935
935
919
933
919
919
1817
1817
887
885
902
902
935
935
935
919
919
933
1817
919
1817
887
885
902
902
935
935
935
919
919
933
1817
919
1817
887
902
885
902
935
935
935
919
933
919
919
1817
887
1817
885
902
902
935
935
935
919
919
919
933
1817
1817
887
885
902
902
935
935
935
919
919
933
1817
919
1817
887
885
902
902
935
935
935
919
919
919
933
1817
887
1817
885
902
902
935
935
935
919
919
933
1817
887
919
1817
885
902
902
935
935
935
919
933
919
919
1817
1817
887
885
902
902
935
935
935
919
933
919
919
1817
1817
887
885
902
902
935
935
935
919
933
919
1817
919
1817
887
885
902
902
935
935
935
919
919
933
1817
919
1817
887
885
902
902
935
935
935
919
919
933
919
1817
1817
887
885
902
902
935
935
935
919
919
919
933
1817
1817
887
885
902
902
935
935
935
919
919
933
919
1817
1817
887
885
902
902
935
935
935
919
933
919
919
1817
1817
887
885
902
902
935
935
935
919
919
933
1817
887
919
1817
885
902
902
935
935
935
919
919
933
1817
919
1817
887
885
902
902
935
935
935
919
933
919
1817
919
1817
887
885
902
902
935
935
935
919
919
933
1817
887
919
1817
885
902
902
935
935
935
919
919
933
919
1817
1817
887
885
902
902
935
935
935
919
919
919
933
1817
1817
887
885
902
902
935
935
935
919
919
933
1817
919
1817
887
885
902
902
935
935
935
919
919
933
1817
919
1817
887
885
902
902
935
935
935
919
933
919
1817
919
1817
887
885
902
902
935
935
935
919
919
933
919
1817
1817
887
885
902
902
935
935
935
919
933
919
1817
887
919
1817
885
902
902
935
935
935
919
919
933
1817
919
1817
887
885
902
902
935
935
935
919
919
933
1817
887
919
1817
885
902
902
935
935
935
919
933
919
919
1817
1817
887
885
902
902
935
935
935
919
933
919
919
1817
1817
887
885
902
902
935
935
935
919
919
933
1817
919
1817
887
885
902
902
935
935
935
919
933
919
1817
887
919
1817
885
902
902
935
935
935
919
919
933
1817
919
1817
887
885
902
902
935
935
935
919
933
919
919
1817
1817
887
885
902
902
935
935
935
919
933
919
919
1817
1817
887
902
902
885
935
935
935
919
919
933
1817
919
1817
887
902
885
902
935
935
935
919
933
919
919
1817
1817
887
885
902
902
935
935
935
919
919
933
1817
887
919
1817
885
902
902
935
935
935
919
919
933
1817
887
919
1817
902
902
885
935
935
935
919
919
933
1817
919
1817
887
885
902
902
935
935
935
919
933
919
919
1817
1817
887
885
902
902
935
935
935
919
933
919
919
1817
1817
887
902
885
902
935
935
935
919
933
919
1817
887
919
1817
885
902
902
935
935
935
919
933
919
919
1817
1817
887
885
902
902
935
935
935
919
933
919
919
1817
1817
887
885
902
902
935
935
935
919
919
933
1817
887
919
1817
885
902
902
935
935
935
919
919
919
933
1817
887
1817
885
902
902
935
935
935
919
933
919
1817
887
919
1817
885
902
902
935
935
935
919
919
933
1817
887
919
1817
885
902
902
935
935
935
919
919
933
1817
919
1817
887
885
902
902
935
935
935
919
919
933
1817
919
1817
887
885
902
902
935
935
935
919
919
933
1817
919
1817
887
885
902
902
935
935
935
919
933
919
1817
919
1817
887
902
902
885
935
935
935
919
933
919
919
1817
887
1817
885
902
902
935
935
935
919
933
919
1817
887
919
1817
885
902
902
935
935
935
919
919
933
1817
887
919
1817
885
902
902
935
935
935
919
919
933
919
1817
1817
887
885
902
902
935
935
935
919
933
919
919
1817
1817
887
885
902
902
935
935
935
919
919
933
1817
887
919
1817
902
902
885
935
935
935
919
933
919
919
1817
1817
887
885
902
902
935
935
935
919
919
933
1817
919
1817
887
902
902
885
935
935
935
919
919
919
933
1817
1817
887
902
902
885
935
935
935
919
933
919
1817
919
1817
887
902
902
885
935
935
935
919
933
919
1817
887
919
1817
885
902
902
935
935
935
919
933
919
919
1817
1817
887
885
902
902
935
935
935
919
933
919
919
1817
1817
887
902
885
902
935
935
935
919
919
933
919
1817
1817
887
885
902
902
935
935
935
919
919
933
1817
919
1817
887
885
902
902
935
935
935
919
919
933
1817
887
919
1817
885
902
902
935
935
935
919
919
933
1817
919
1817
887
885
902
902
935
935
935
919
933
919
919
1817
1817
887
902
902
885
935
935
935
919
933
919
919
1817
887
1817
885
902
902
935
935
935
919
919
933
1817
887
919
1817
885
902
902
935
935
935
919
933
919
1817
919
1817
887
902
902
885
935
935
935
919
933
919
1817
919
1817
887
885
902
902
935
935
935
919
933
919
919
1817
1817
887
885
902
902
935
935
935
919
919
933
1817
887
919
1817
885
902
902
935
935
935
919
933
919
1817
919
1817
887
885
902
902
935
935
935
919
919
933
1817
887
919
1817
885
902
902
935
935
935
919
919
919
933
1817
1817
887
885
902
902
935
935
935
919
919
933
1817
919
1817
887
885
902
902
935
935
935
919
919
933
1817
887
919
1817
885
902
902
935
935
935
919
933
919
919
1817
1817
887
902
902
885
935
935
935
919
919
919
933
1817
887
1817
885
902
902
935
935
935
919
933
919
919
1817
1817
887
902
902
885
935
935
935
919
919
933
1817
919
1817
887
902
902
885
935
935
935
919
933
919
919
1817
1817
887
885
902
902
935
935
935
919
919
933
919
1817
1817
887
885
902
902
935
935
935
919
919
933
1817
887
919
1817
885
902
902
935
935
935
919
919
919
933
1817
1817
887
885
902
902
935
935
935
919
933
919
919
1817
1817
887
885
902
902
935
935
935
919
933
919
1817
887
919
1817
885
902
902
935
935
935
919
919
933
1817
887
919
1817
885
902
902
935
935
935
919
919
933
1817
919
987
1817
887
885
902
902
935
935
935
919
919
933
1817
919
1817
887
885
902
902
935
935
935
919
919
933
1817
919
1817
887
885
902
902
935
935
935
919
919
919
933
1817
1817
887
885
902
902
935
935
935
919
933
919
919
1817
1817
887
885
902
902
935
935
935
919
919
933
919
1817
1817
887
902
902
885
935
935
935
919
933
919
1817
919
1817
887
885
902
902
935
935
935
919
933
919
1817
919
1817
887
885
902
902
935
935
935
919
933
919
1817
887
919
1817
885
902
902
935
935
935
919
919
933
1817
887
919
1817
885
902
902
935
935
935
919
919
933
919
1817
1817
887
885
902
902
935
935
935
919
919
933
1817
887
919
1817
885
902
902
935
935
935
919
919
933
1817
887
919
1817
885
902
902
935
935
935
919
919
933
1817
887
919
1817
885
902
902
935
935
935
919
919
933
1817
919
1817
887
885
902
902
935
935
935
919
919
933
1817
919
1817
887
885
902
902
935
935
935
919
919
919
933
1817
1817
887
885
902
902
935
935
935
919
919
933
1817
887
919
1817
885
902
902
935
935
935
919
919
919
933
1817
887
1817
885
902
902
935
935
935
919
933
919
919
1817
1817
887
885
902
902
935
935
935
919
919
933
1817
919
1817
887
885
902
902
935
935
935
919
919
933
1817
887
919
1817
885
902
902
935
935
935
919
919
933
1817
887
919
1817
885
902
902
935
935
935
919
933
887
919
919
1817
1817
885
902
902
935
935
935
919
933
919
919
1817
1817
887
885
902
902
935
935
935
919
919
933
1817
919
1817
887
885
902
902
935
935
935
919
919
933
1817
887
919
1817
885
902
902
935
935
935
919
919
919
933
1817
887
1817
885
902
902
935
935
935
919
933
919
919
1817
1817
887
885
902
902
935
935
935
919
919
933
1817
887
919
1817
885
902
902
935
935
935
919
919
933
1817
887
919
1817
885
902
902
935
935
935
919
933
919
919
1817
887
1817
885
902
902
935
935
935
919
933
919
919
1817
1817
887
885
902
902
935
935
935
919
919
919
933
1817
887
1817
885
902
902
935
935
935
919
933
919
919
1817
1817
887
885
902
902
935
935
935
919
919
933
1817
887
919
1817
885
902
902
935
935
935
919
933
919
919
1817
1817
887
885
902
902
935
935
935
919
919
933
1817
887
919
1817
885
902
902
935
935
935
919
933
919
919
1817
1817
887
885
902
902
935
935
935
919
919
919
933
1817
887
1817
885
902
902
935
935
935
919
933
919
919
1817
1817
887
885
902
902
935
935
935
919
919
933
1817
887
919
1817
885
902
902
935
935
935
919
933
919
919
1817
1817
887
885
902
902
935
935
935
919
933
919
919
1817
1817
887
885
902
902
935
935
935
919
919
933
1817
919
1817
887
902
902
885
935
935
935
919
933
919
919
1817
1817
887
885
902
902
935
935
935
919
919
919
933
1817
887
1817
885
902
902
935
935
935
919
919
933
887
919
1817
1817
885
902
902
935
935
935
919
919
919
933
1817
1817
887
885
902
902
935
935
935
919
919
933
1817
887
919
1817
885
902
902
935
935
935
919
919
933
1817
887
919
1817
902
885
902
935
935
935
919
919
919
933
1817
887
1817
885
902
902
935
935
935
919
919
933
887
919
1817
1817
885
902
902
935
935
935
919
919
933
887
919
1817
1817
885
902
902
935
935
935
919
933
919
919
1817
1817
887
885
902
902
935
935
935
919
919
919
933
1817
1817
887
885
902
902
935
935
935
919
933
919
919
1817
1817
887
902
902
902
1834
885
1831
1833
935
935
919
919
933
1817
887
901
902
902
885
1831
1833
1834
935
935
919
933
887
919
1817
885
902
902
902
1831
1833
1834
935
935
919
919
933
1817
887
885
902
902
902
1831
1833
1834
935
935
919
933
919
1817
887
902
902
885
935
935
935
919
919
933
1817
887
919
1817
885
902
902
935
935
935
919
933
887
919
919
1817
1817
885
902
902
935
935
935
919
919
919
933
1817
1817
887
885
902
902
935
935
935
919
919
933
1817
887
919
1817
885
902
902
935
935
935
919
933
919
919
1817
1817
887
885
902
902
935
935
935
919
919
933
1817
887
919
1817
885
902
902
935
935
935
919
919
933
919
1817
1817
887
885
902
902
935
935
935
919
919
919
933
1817
1817
887
885
902
902
935
935
935
919
919
933
1817
919
1817
887
885
902
902
935
935
935
919
919
933
1817
887
919
1817
885
902
902
935
935
935
919
933
919
919
1817
1817
887
885
902
902
935
935
935
919
933
919
1817
919
1817
887
885
902
902
935
935
935
919
933
919
919
1817
1817
887
885
902
902
935
935
935
919
933
919
919
1817
1817
887
885
902
902
935
935
935
919
933
919
919
1817
1817
887
885
902
902
935
935
935
919
919
933
1817
887
919
1817
885
902
902
935
935
935
919
919
919
933
1817
1817
887
885
902
902
935
935
935
919
919
933
1817
919
1817
887
885
902
902
935
935
935
919
933
919
919
1817
887
1817
885
902
902
935
935
935
919
933
919
1817
887
919
1817
902
902
885
902
902
902
902
935
935
935
919
919
933
1817
919
1817
887
902
902
885
935
935
935
919
919
933
1817
887
919
1817
902
902
885
935
935
935
919
933
919
919
1817
1817
887
885
902
902
935
935
935
919
919
919
933
1817
887
1817
902
885
902
935
935
935
919
919
933
1817
887
919
1817
885
902
902
935
935
935
919
919
933
1817
887
919
1817
902
902
885
935
935
935
919
919
933
1817
887
919
1817
885
902
902
935
935
935
919
919
919
933
1817
1817
887
885
902
902
935
935
935
919
933
919
919
1817
1817
887
885
902
902
935
935
935
919
919
933
1817
887
919
1817
885
902
902
935
935
935
919
919
933
919
1817
1817
887
885
902
902
935
935
935
919
919
919
933
1817
887
1817
885
902
902
935
935
935
919
933
919
919
1817
887
1817
885
902
902
935
935
935
919
919
933
1817
887
919
1817
885
902
902
935
935
935
919
933
919
919
1817
1817
887
902
885
902
935
935
935
919
919
933
919
1817
1817
887
902
885
902
935
935
935
919
933
919
1817
887
919
1817
902
902
885
935
935
935
919
933
919
919
1817
1817
887
885
902
902
935
935
935
919
933
919
919
1817
1817
887
885
902
902
935
935
935
919
919
933
1817
919
1817
887
885
902
902
935
935
935
919
919
919
933
1817
1817
887
885
902
902
935
935
935
919
933
887
919
919
1817
1817
885
902
902
935
935
935
919
933
887
919
919
1817
1817
885
902
902
935
935
935
919
919
919
933
1817
1817
887
885
902
902
935
935
935
919
933
919
919
1817
1817
887
885
902
902
935
935
935
919
933
919
919
1817
1817
887
902
885
902
935
935
935
919
933
919
919
1817
1817
887
885
902
902
935
935
935
919
919
933
919
1817
1817
887
902
902
885
935
935
935
919
933
919
919
1817
1817
887
885
902
902
935
935
935
919
933
919
919
1817
1817
887
885
902
902
935
935
935
919
919
919
933
1817
1817
887
885
902
902
935
935
935
919
919
933
1817
887
919
1817
902
902
885
935
935
935
919
919
933
1817
919
1817
887
885
902
902
935
935
935
919
919
933
1817
887
919
1817
885
902
902
935
935
935
919
919
919
933
1817
887
1817
885
902
902
935
935
935
919
919
933
1817
887
919
1817
885
902
902
935
935
935
919
919
933
1817
887
919
1817
885
902
902
935
935
935
919
933
919
919
1817
1817
887
885
902
902
935
935
935
919
933
887
919
919
1817
1817
885
902
902
935
935
935
919
919
933
1817
887
919
1817
902
902
885
935
935
935
919
933
919
919
1817
1817
887
885
902
902
935
935
935
919
919
919
933
1817
1817
887
885
902
902
935
935
935
919
933
919
919
1817
1817
887
902
902
885
935
935
935
919
919
919
933
1817
1817
887
885
902
902
935
935
935
919
933
919
919
1817
1817
887
902
902
885
935
935
935
919
933
887
919
919
1817
1817
885
902
902
935
935
935
919
933
887
919
919
1817
1817
885
902
902
935
935
935
919
919
933
1817
887
919
1817
885
902
902
935
935
935
919
919
933
1817
887
919
1817
885
902
902
935
935
935
919
919
933
1817
887
919
1817
885
902
902
935
935
935
919
933
919
919
1817
1817
887
885
902
902
935
935
935
919
933
919
919
1817
887
1817
885
902
902
935
935
935
919
933
919
919
1817
1817
887
885
902
902
935
935
935
919
933
919
919
1817
887
1817
885
902
902
935
935
935
919
933
919
919
1817
1817
887
885
902
902
935
935
935
919
919
933
1817
919
1817
887
885
902
902
935
935
935
919
919
933
1817
919
1817
887
885
902
902
935
935
935
919
919
933
1817
887
919
1817
885
902
902
935
935
935
919
933
919
919
1817
1817
887
885
902
902
935
935
935
919
933
919
1817
919
1817
887
885
902
902
935
935
935
919
933
919
919
1817
1817
887
885
902
902
935
935
935
919
933
919
919
1817
1817
887
885
902
902
935
935
935
919
933
919
919
1817
1817
887
885
902
902
935
935
935
919
933
919
919
1817
1817
887
902
885
902
935
935
935
919
919
933
1817
887
919
1817
902
902
885
935
935
935
919
919
933
1817
887
919
1817
885
902
902
935
935
935
919
919
933
887
919
1817
1817
885
902
902
935
935
935
919
933
919
919
1817
1817
887
885
902
902
935
935
935
919
933
919
919
1817
1817
887
885
902
902
935
935
935
919
919
919
933
1817
1817
887
885
902
902
935
935
935
919
933
919
919
1817
1817
887
885
902
902
935
935
935
919
933
919
919
1817
1817
887
885
902
902
935
935
935
919
919
933
1817
887
919
1817
885
902
902
935
935
935
919
919
933
1817
887
919
1817
885
902
902
935
935
935
919
933
919
919
1817
1817
887
885
902
902
935
935
935
919
933
887
919
919
1817
1817
885
902
902
935
935
935
919
933
919
919
1817
1817
887
902
902
885
935
935
935
919
919
919
933
1817
887
1817
885
902
902
935
935
935
919
933
919
919
1817
1817
887
885
902
902
935
935
935
919
919
919
933
1817
1817
887
885
902
902
935
935
935
919
919
919
933
1817
887
1817
885
902
902
935
935
935
919
919
933
887
919
1817
1817
885
902
902
935
935
935
919
919
919
933
1817
1817
887
885
902
902
935
935
935
919
919
919
933
1817
1817
887
885
902
902
935
935
935
919
919
919
933
1817
887
1817
885
902
902
935
935
935
919
933
919
1817
887
919
1817
902
885
902
935
935
935
919
919
933
1817
919
1817
887
885
902
902
935
935
935
919
933
919
1817
887
919
1817
885
902
902
935
935
935
919
933
919
919
1817
887
1817
885
902
902
935
935
935
919
933
919
1817
919
1817
887
885
902
902
935
935
935
919
933
919
1817
919
887
1817
885
902
902
935
935
935
919
933
919
1817
919
1817
887
885
902
902
935
935
935
919
933
919
1817
919
887
1817
885
902
902
935
935
935
919
933
919
1817
919
1817
887
885
902
902
935
935
935
919
933
919
919
1817
887
1817
885
902
902
935
935
935
919
919
933
1817
919
1817
887
885
902
902
935
935
935
919
919
933
1817
919
1817
887
902
902
885
935
935
935
919
933
919
1817
919
1817
887
885
902
902
935
935
935
919
933
919
1817
919
1817
887
885
902
902
935
935
935
919
933
919
1817
919
1817
887
902
902
885
935
935
935
919
933
919
919
1817
1817
887
885
902
902
935
935
935
919
919
933
919
1817
1817
887
885
902
902
935
935
935
919
919
919
933
1817
1817
887
885
902
902
935
935
935
919
919
933
1817
887
919
1817
885
902
902
935
935
935
919
919
933
1817
919
1817
887
885
902
902
935
935
935
919
933
887
919
919
1817
1817
885
902
902
935
935
935
919
933
887
919
919
1817
1817
902
902
885
935
935
935
919
919
919
933
1817
1817
887
885
902
902
935
935
935
919
919
933
1817
919
1817
887
885
902
902
935
935
935
919
919
933
1817
887
919
1817
885
902
902
935
935
935
919
933
919
919
1817
1817
887
902
902
885
935
935
935
919
919
919
933
1817
1817
887
902
902
885
935
935
935
919
933
919
1817
887
919
1817
885
902
902
935
935
935
919
919
919
933
1817
887
1817
885
902
902
935
935
935
919
919
933
1817
887
919
1817
885
902
902
935
935
935
919
933
919
919
1817
1817
887
885
902
902
935
935
935
919
919
933
1817
887
919
1817
885
902
902
935
935
935
919
919
933
1817
919
1817
887
885
902
902
935
935
935
919
933
919
919
1817
887
1817
902
902
885
935
935
935
919
933
919
919
1817
887
1817
885
902
902
935
935
935
919
933
919
1817
887
919
1817
885
902
902
935
935
935
919
933
919
1817
887
919
1817
885
902
902
935
935
935
919
919
933
1817
919
1817
887
885
902
902
935
935
935
919
933
919
1817
887
919
1817
885
902
902
935
935
935
919
933
919
1817
887
919
1817
885
902
902
935
935
935
919
919
933
1817
919
1817
887
885
902
902
935
935
935
919
933
919
1817
887
919
1817
885
902
902
935
935
935
919
933
919
1817
887
919
1817
885
902
902
935
935
935
919
933
919
1817
919
1817
887
885
902
902
935
935
935
919
919
933
1817
919
1817
887
885
902
902
935
935
935
919
933
919
1817
887
919
1817
885
902
902
935
935
935
919
933
919
1817
887
919
1817
885
902
902
935
935
935
919
933
919
1817
919
1817
887
885
902
902
935
935
935
919
933
919
1817
887
919
1817
902
902
885
935
935
935
919
933
919
1817
887
919
1817
885
902
902
935
935
935
919
919
933
919
1817
1817
887
885
902
902
935
935
935
919
933
919
1817
919
1817
887
885
902
902
935
935
935
919
933
919
1817
887
919
1817
885
902
902
935
935
935
919
919
933
919
1817
1817
887
885
902
902
935
935
935
919
933
919
1817
887
919
1817
885
902
902
935
935
935
919
933
919
1817
887
919
1817
885
902
902
935
935
935
919
933
919
1817
887
919
1817
902
885
902
935
935
935
919
933
919
1817
919
887
1817
885
902
902
935
935
935
919
933
919
1817
919
1817
887
885
902
902
935
935
935
919
933
919
1817
919
1817
887
885
902
902
935
935
935
919
933
919
1817
919
1817
887
885
902
902
935
935
935
919
933
919
1817
919
1817
887
885
902
902
935
935
935
919
933
919
1817
919
1817
887
902
902
885
935
935
935
919
933
919
1817
919
887
1817
885
902
902
935
935
935
919
933
919
1817
919
1817
887
885
902
902
935
935
935
919
933
919
919
1817
887
1817
885
902
902
935
935
935
919
933
919
919
1817
887
1817
885
902
902
935
935
935
919
933
919
1817
887
919
1817
902
885
902
935
935
935
919
919
919
933
1817
1817
887
885
902
902
935
935
935
919
919
933
1817
887
919
1817
885
902
902
935
935
935
919
919
933
1817
919
887
1817
902
885
902
935
935
935
919
933
919
1817
919
1817
887
885
902
902
935
935
935
919
919
933
1817
919
1817
887
902
885
902
935
935
935
919
933
887
919
919
1817
1817
885
902
902
935
935
935
919
919
933
1817
919
1817
887
885
902
902
935
935
935
919
933
919
919
1817
1817
887
885
902
902
935
935
935
919
919
919
933
1817
887
1817
885
902
902
935
935
935
919
919
933
1817
887
919
1817
885
902
902
935
935
935
919
933
919
919
1817
1817
887
885
902
902
935
935
935
919
919
919
933
1817
887
1817
885
902
902
935
935
935
919
933
887
919
919
1817
1817
885
902
902
935
935
935
919
933
887
919
919
1817
1817
885
902
902
935
935
935
919
919
919
933
1817
1817
887
885
902
902
935
935
935
919
933
887
919
919
1817
1817
885
902
902
935
935
935
919
919
933
1817
887
919
1817
885
902
902
935
935
935
919
933
887
919
919
1817
1817
885
902
902
935
935
935
919
919
919
933
1817
1817
887
885
902
902
935
935
935
919
919
919
933
1817
887
1817
885
902
902
935
935
935
919
933
919
919
1817
1817
887
885
902
902
935
935
935
919
919
933
1817
887
919
1817
885
902
902
935
935
935
919
919
933
1817
887
919
1817
902
885
902
935
935
935
919
933
919
919
1817
1817
887
885
902
902
935
935
935
919
919
933
1817
887
919
1817
902
902
885
935
935
935
919
933
919
1817
919
1817
887
885
902
902
935
935
935
919
933
919
919
1817
1817
887
885
902
902
935
935
935
919
919
933
1817
887
919
1817
885
902
902
935
935
935
919
919
933
1817
919
1817
887
885
902
902
935
935
935
919
919
933
919
1817
1817
887
885
902
902
935
935
935
919
933
919
919
1817
1817
887
885
902
902
935
935
935
919
919
933
919
1817
1817
887
885
902
902
935
935
935
919
919
933
1817
887
919
1817
885
902
902
935
935
935
919
919
933
1817
887
919
1817
885
902
902
935
935
935
919
919
919
933
1817
1817
887
885
902
902
935
935
935
919
919
933
887
919
1817
1817
885
902
902
935
935
935
919
933
887
919
919
1817
1817
885
902
902
935
935
935
919
919
933
1817
887
919
1817
885
902
902
935
935
935
919
919
919
933
1817
1817
887
902
902
885
935
935
935
919
933
919
919
1817
1817
887
885
902
902
935
935
935
919
919
933
1817
887
919
1817
885
902
902
935
935
935
919
919
933
1817
919
1817
887
885
902
902
935
935
935
920
920
919
919
933
1817
887
919
1817
920
920
885
902
902
935
935
935
935
935
927
927
934
919
919
933
934
1817
887
919
1817
885
902
902
935
935
935
927
934
935
935
927
934
919
919
933
1817
887
919
1817
885
902
902
935
935
935
919
919
933
1817
887
919
1817
885
902
902
935
935
935
919
919
933
1817
887
919
1817
885
902
902
935
935
935
919
919
919
933
1817
887
1817
902
902
885
935
935
935
919
919
933
1817
887
919
1817
885
902
902
935
935
935
919
933
887
919
919
1817
1817
885
902
902
935
935
935
919
919
919
933
1817
1817
887
885
902
902
935
935
935
919
919
933
919
1817
1817
887
885
902
902
935
935
935
919
919
933
1817
887
919
1817
885
902
902
935
935
935
919
933
919
919
1817
1817
887
885
902
902
935
935
935
919
919
933
1817
887
919
1817
885
902
902
935
935
935
919
919
919
933
1817
1817
887
885
902
902
935
935
935
919
919
919
933
1817
1817
887
885
902
902
935
935
935
919
919
919
933
1817
1817
887
885
902
902
935
935
935
919
919
919
933
1817
887
1817
885
902
902
935
935
935
919
933
919
919
1817
1817
887
902
902
885
935
935
935
919
919
919
933
1817
1817
887
885
902
902
935
935
935
919
919
933
887
919
1817
1817
885
902
902
935
935
935
887
919
919
919
933
1817
1817
885
902
902
935
935
935
919
933
887
919
919
1817
1817
885
902
902
935
935
935
887
919
919
919
933
1817
1817
885
902
902
935
935
935
919
919
933
1817
887
919
1817
902
885
902
935
935
919
935
887
919
919
933
1817
1817
885
902
902
935
935
935
887
919
919
919
933
1817
1817
885
902
902
935
935
935
919
933
887
919
919
1817
1817
885
902
902
935
935
935
919
933
887
919
919
1817
1817
885
902
902
935
935
935
919
919
919
933
1817
887
1817
885
902
902
935
935
935
919
919
919
933
1817
887
1817
885
902
902
935
935
935
919
933
919
919
1817
1817
887
902
885
902
935
935
935
919
919
933
1817
887
919
1817
885
902
902
935
935
935
919
919
933
1817
887
919
1817
885
902
902
935
935
935
919
933
919
919
987
1817
1817
887
885
902
902
935
935
935
919
919
933
1817
887
919
1817
885
902
902
935
935
935
919
919
919
933
1817
1817
887
885
902
902
935
935
935
919
919
919
933
1817
1817
887
885
902
902
935
935
935
919
933
919
919
1817
1817
887
902
885
902
935
935
935
919
919
919
933
1817
1817
887
885
902
902
935
935
935
919
919
919
933
1817
887
1817
902
902
885
935
935
935
919
919
919
933
1817
1817
887
885
902
902
935
935
935
919
919
919
933
1817
1817
887
885
902
902
935
935
935
919
919
919
933
1817
1817
887
885
902
902
935
935
935
919
919
919
933
1817
887
1817
885
902
902
935
935
935
919
933
887
919
919
1817
1817
885
902
902
935
935
935
919
919
919
933
1817
1817
887
885
902
902
935
935
935
919
919
919
933
1817
1817
887
885
902
902
935
935
935
919
919
919
933
1817
1817
887
902
902
885
935
935
935
919
919
919
933
1817
1817
887
902
902
885
935
935
935
919
919
933
1817
887
919
1817
885
902
902
935
935
935
919
933
919
919
1817
1817
887
902
885
902
935
935
935
919
919
933
1817
887
919
1817
885
902
902
935
935
935
919
919
933
1817
887
919
1817
885
902
902
935
935
935
919
919
919
933
1817
1817
887
902
902
885
935
935
935
919
919
933
1817
887
919
1817
885
902
902
935
935
919
935
887
919
919
933
1817
1817
885
902
902
935
935
919
933
935
887
919
919
1817
1817
885
902
902
935
935
935
919
933
919
919
1817
1817
887
885
902
902
935
935
935
919
919
919
933
1817
1817
887
885
902
902
935
935
935
919
887
919
919
933
1817
1817
885
902
902
935
935
935
919
919
933
1817
887
919
1817
885
902
902
935
935
935
919
919
919
933
1817
1817
887
902
902
885
935
935
935
919
919
919
933
1817
1817
887
885
902
902
935
935
935
919
919
919
933
1817
1817
887
885
902
902
935
935
935
919
933
919
887
919
1817
1817
885
902
902
935
935
935
919
933
887
919
919
1817
1817
885
902
902
935
935
935
919
919
933
1817
887
919
1817
885
902
902
935
935
935
919
919
933
887
919
1817
1817
885
902
902
935
935
935
919
919
933
887
919
1817
1817
885
902
902
935
935
935
919
933
887
919
919
1817
1817
885
902
902
935
935
935
919
919
933
1817
887
919
1817
902
885
902
935
935
935
919
919
933
1817
887
919
1817
885
902
902
935
935
935
919
933
887
919
919
1817
1817
885
902
902
935
935
935
919
919
919
933
1817
1817
887
885
902
902
935
935
935
919
919
933
1817
887
919
1817
885
902
902
935
935
935
919
919
933
887
919
1817
1817
885
902
902
935
935
935
919
933
919
919
1817
1817
887
902
885
902
935
935
935
919
919
933
1817
919
887
1817
885
902
902
935
935
935
919
919
919
933
1817
1817
887
902
885
902
935
935
935
919
919
933
1817
887
919
1817
885
902
902
935
935
935
919
933
887
919
919
1817
1817
885
902
902
935
935
935
919
933
887
919
919
1817
1817
885
902
902
935
935
935
919
919
933
887
919
1817
1817
902
902
885
935
935
935
919
919
933
887
919
1817
1817
885
902
902
935
935
935
919
919
933
1817
887
919
1817
885
902
902
935
935
935
919
919
933
1817
887
919
1817
885
902
902
935
935
935
919
933
919
919
1817
1817
887
885
902
902
935
935
935
919
919
919
933
1817
887
1817
885
902
902
935
935
935
919
933
919
1817
919
1817
887
885
902
902
935
935
935
919
933
919
919
1817
1817
887
885
902
902
935
935
935
919
919
933
1817
919
1817
887
885
902
902
935
935
935
919
919
933
1817
887
919
1817
885
902
902
935
935
935
919
919
919
933
1817
1817
887
885
902
902
935
935
935
919
919
919
933
1817
887
1817
902
885
902
935
935
935
919
919
919
933
1817
1817
887
885
902
902
935
935
935
919
919
919
933
1817
1817
887
885
902
902
935
935
935
919
919
919
933
1817
1817
887
902
902
885
935
935
935
919
919
919
933
1817
1817
887
885
902
902
935
935
935
919
919
933
1817
887
919
1817
885
902
902
935
935
935
919
919
919
933
1817
887
1817
885
902
902
935
935
935
919
919
919
933
1817
1817
887
885
902
902
935
935
935
919
933
919
919
1817
1817
887
885
902
902
935
935
935
919
919
919
933
1817
1817
887
885
902
902
935
935
935
919
919
919
933
1817
1817
887
885
902
902
935
935
935
919
919
933
1817
887
919
1817
885
902
902
935
935
935
919
919
919
933
1817
887
1817
885
902
902
935
935
935
919
919
919
933
1817
1817
887
885
902
902
935
935
935
919
919
919
933
1817
1817
887
885
902
902
935
935
935
919
919
919
933
1817
1817
887
885
902
902
935
935
935
919
919
933
1817
887
919
1817
885
902
902
935
935
935
919
919
933
1817
887
919
1817
885
902
902
935
935
935
919
919
933
1817
887
919
1817
885
902
902
935
935
935
919
919
919
933
1817
1817
887
885
902
902
935
935
935
919
919
919
933
1817
1817
887
885
902
902
935
935
935
919
919
919
933
1817
1817
887
902
902
885
935
935
935
919
919
933
1817
887
919
1817
885
902
902
935
935
935
919
919
919
933
1817
1817
887
885
902
902
935
935
935
919
919
919
933
1817
1817
887
885
902
902
935
935
935
919
933
887
919
919
1817
1817
885
902
902
935
935
935
919
933
919
919
1817
1817
887
885
902
902
935
935
935
919
919
919
933
1817
1817
887
902
902
885
935
935
935
919
919
919
933
1817
1817
887
902
885
902
935
935
935
919
919
933
1817
919
1817
887
885
902
902
935
935
935
919
919
933
1817
887
919
1817
885
902
902
935
935
935
919
919
919
933
1817
1817
887
885
902
902
935
935
935
919
919
933
1817
887
919
1817
885
902
902
935
935
935
919
919
933
1817
887
919
1817
885
902
902
935
935
935
919
919
933
1817
887
919
1817
885
902
902
935
935
935
919
933
887
919
919
1817
1817
885
902
902
935
935
935
919
919
933
1817
887
919
1817
885
902
902
935
935
935
919
887
919
919
933
1817
1817
885
902
902
935
935
935
919
919
933
887
919
1817
1817
885
902
902
935
935
935
919
919
933
1817
887
919
1817
885
902
902
935
935
919
935
887
919
919
933
1817
1817
885
902
902
935
935
935
919
919
919
933
1817
1817
887
885
902
902
935
935
935
919
919
933
1817
887
919
1817
885
902
902
935
935
935
919
919
933
1817
887
919
1817
885
902
902
935
935
935
919
919
933
919
1817
1817
887
885
902
902
935
935
935
919
919
933
1817
887
919
1817
885
902
902
935
935
935
919
919
919
933
1817
1817
887
902
902
885
935
935
935
919
919
919
933
1817
1817
887
885
902
902
935
935
935
919
919
933
1817
887
919
1817
885
902
902
935
935
935
919
919
933
1817
887
919
1817
885
902
902
935
935
935
919
919
933
1817
887
919
1817
902
902
885
935
935
935
919
933
919
1817
887
919
1817
885
902
902
935
935
935
919
919
933
1817
887
919
1817
0
232
182
184
186
188
190
181
212
192
226
227
228
231
1859
194
193
213
221
219
220
69
85
217
218
82
86
68
68
68
68
68
68
68
93
68
83
87
92
74
84
71
109
114
111
113
103
103
103
103
116
223
215
1052
245
246
172
167
222
166
157
164
161
160
159
171
288
160
1152
159
171
69
83
84
85
86
92
75
150
150
150
151
126
156
167
230
152
71
881
1338
250
251
252
253
254
255
1553
157
164
166
160
161
159
171
1806
1805
77
78
79
170
233
234
973
975
997
974
974
1001
976
863
866
1016
851
864
866
1016
851
864
858
859
857
854
860
862
852
855
856
853
985
983
861
861
865
867
1003
1822
