-1
386
850
871
872
873
851
846
884
481
482
1317
1341
859
862
860
860
860
860
860
860
864
863
1313
1314
1315
1316
1341
385
385
385
385
385
1339
1340
800
827
824
838
826
-1
814
814
-1
745
881
881
881
505
506
495
496
877
878
-1
-1
494
490
498
498
498
490
490
490
490
490
490
490
796
796
796
796
877
878
-1
-1
795
795
795
845
856
857
878
-1
877
-1
858
858
858
834
835
877
878
-1
-1
511
806
807
841
809
810
808
805
812
804
828
825
844
847
849
865
870
833
843
503
493
497
486
487
489
488
490
490
490
490
490
867
869
848
797
837
799
502
-1
-1
386
386
-1
386
777
777
777
871
871
871
872
873
872
873
872
873
745
746
754
745
767
745
760
750
759
745
746
745
754
767
746
745
754
767
760
750
759
1317
760
750
759
1317
1317
1341
859
862
860
860
860
1341
859
862
1341
860
860
860
859
862
860
860
860
863
1313
863
1313
1314
1315
1316
863
1313
385
1314
1315
1316
385
385
385
1314
1315
1316
385
385
385
385
385
385
385
385
385
385
385
1338
1338
1338
794
770
387
794
884
794
770
387
884
770
387
865
884
870
865
865
870
870
760
760
760
764
766
753
764
867
869
766
753
764
766
867
869
753
867
869
749
744
749
511
749
510
-1
744
744
511
-1
510
511
-1
510
507
512
508
509
765
757
507
508
509
512
788
507
508
512
509
765
757
765
757
788
788
781
782
793
786
783
787
781
782
793
1337
786
781
782
783
787
793
786
1337
783
787
1337
789
778
784
792
790
791
777
789
792
778
784
777
790
791
789
792
778
784
790
777
791
776
776
775
1335
771
775
773
773
1335
771
776
-1
775
751
751
-1
773
-1
771
1335
751
484
874
501
752
756
484
501
874
752
756
484
501
874
752
756
504
504
504
388
388
389
388
389
389
768
768
768
758
758
758
-1
386
871
873
872
800
511
827
824
826
838
-1
814
814
-1
745
881
881
881
505
506
495
496
878
-1
877
-1
494
490
498
498
498
490
490
490
490
490
490
490
796
796
796
796
877
878
-1
-1
795
795
795
845
856
857
877
878
-1
-1
858
858
858
-1
-1
481
482
1317
1341
859
862
860
860
860
860
860
860
863
1313
1314
1315
1316
1341
385
385
385
854
385
385
-1
386
1009
480
479
1090
480
912
903
1084
1086
1079
906
901
1012
910
907
908
909
871
872
873
916
902
904
1009
1042
1077
882
881
881
881
480
1049
1049
1067
1069
1060
1060
1065
1016
1061
1070
1058
1078
479
986
989
1319
1011
1317
1341
859
862
860
860
860
860
860
860
1091
863
1313
1314
1315
1316
1341
876
875
876
385
385
385
1092
385
385
865
870
867
911
869
1010
876
1019
1020
1085
1087
1088
875
876
1019
1088
888
913
914
915
905
1077
865
870
911
867
869
884
865
870
867
869
911
865
870
867
869
911
-1
386
-1
-1
386
386
978
979
980
978
979
980
978
979
980
1089
1010
1018
893
891
892
895
894
899
900
983
889
890
893
891
892
895
899
894
900
983
892
893
891
894
895
899
900
983
871
889
890
889
890
871
871
872
873
982
925
925
872
873
982
872
873
982
925
-1
898
897
933
962
925
925
896
925
958
976
977
-1
898
897
933
962
479
1090
967
972
969
970
971
975
967
937
479
1090
929
927
896
-1
897
898
933
958
962
976
977
896
479
1090
969
970
971
967
972
975
967
937
479
1090
865
929
958
976
977
479
1090
969
970
971
967
972
975
967
479
937
1090
929
927
927
870
865
865
867
911
869
984
865
870
911
867
869
870
960
870
934
935
1353
985
911
867
869
911
984
867
869
984
865
870
865
870
1317
911
911
867
867
869
869
960
960
934
935
1353
934
935
1353
985
985
1317
1317
1341
859
862
860
860
860
860
860
860
1341
859
862
860
860
860
860
860
860
1341
859
862
860
860
860
860
860
860
1091
863
1313
1314
1315
1316
1341
385
385
863
1091
1313
1091
863
1313
1314
1315
1316
1314
1315
1316
1341
385
385
1341
385
385
385
385
928
1092
385
885
884
385
1092
385
385
928
885
385
884
1092
385
385
928
885
884
1013
1013
1013
1048
1048
1048
930
384
384
930
384
384
384
930
384
1053
1053
1053
500
500
483
763
763
763
747
761
747
1318
747
1318
-1
485
483
500
500
763
763
763
747
747
761
747
1318
1318
485
500
500
483
763
763
763
747
747
761
1318
747
1318
485
483
500
500
763
763
763
747
747
761
747
1318
1318
485
483
500
500
763
763
763
747
761
747
1318
747
1318
485
483
500
500
763
763
763
747
761
747
1318
747
1318
485
483
500
500
763
763
763
747
761
747
1318
747
1318
485
483
500
500
763
763
763
747
761
747
747
1318
1318
485
500
500
483
763
763
763
747
747
761
747
1318
485
1318
483
500
500
763
763
763
747
761
747
1318
747
1318
485
500
500
483
763
763
763
747
761
747
1318
747
1318
485
483
500
500
763
763
763
747
761
747
1318
747
1318
485
483
500
500
763
763
763
747
747
761
747
1318
1318
485
500
483
500
763
763
763
747
761
747
747
1318
1318
485
483
500
500
763
763
763
747
761
747
1318
747
1318
485
483
500
500
763
763
763
747
747
761
747
1318
1318
485
483
500
500
763
763
763
747
761
747
1318
747
1318
485
483
500
500
763
763
763
747
761
747
747
1318
485
1318
483
500
500
763
763
763
747
761
747
1318
747
1318
485
483
500
500
763
763
763
747
761
747
1318
747
1318
485
483
500
500
763
763
763
747
747
761
1318
747
1318
485
483
500
500
763
763
763
747
747
761
1318
747
1318
485
483
500
500
763
763
763
747
761
747
1318
747
1318
485
483
500
500
763
763
763
747
761
747
1318
747
1318
485
483
500
500
763
763
763
747
747
761
1318
747
1318
485
483
500
500
763
763
763
747
761
747
1318
747
1318
485
483
500
500
763
763
763
747
747
761
1318
747
1318
485
483
500
500
763
763
763
747
761
747
1318
747
1318
485
483
500
500
763
763
763
747
761
747
747
1318
1318
485
500
500
483
763
763
763
747
747
761
1318
747
1318
485
483
500
500
763
763
763
747
747
761
1318
747
1318
485
483
500
500
763
763
763
747
761
747
747
1318
1318
485
500
500
483
763
763
763
747
761
747
1318
747
1318
485
483
500
500
763
763
763
747
747
761
747
1318
1318
485
483
500
500
763
763
763
747
747
761
1318
747
1318
485
500
483
500
763
763
763
747
761
747
747
1318
1318
485
483
500
500
763
763
763
747
747
761
1318
485
747
1318
483
500
500
763
763
763
747
761
747
747
1318
1318
485
483
500
500
763
763
763
747
761
747
1318
747
1318
485
500
500
483
763
763
763
747
747
761
747
1318
1318
485
483
500
500
763
763
763
747
761
747
1318
747
1318
485
483
500
500
763
763
763
747
747
761
747
1318
485
1318
483
500
500
763
763
763
747
761
747
747
1318
485
1318
483
500
500
763
763
763
747
747
747
761
1318
1318
485
483
500
500
763
763
763
747
747
761
747
1318
1318
485
483
500
500
763
763
763
747
747
761
1318
747
1318
485
483
500
500
763
763
763
747
747
761
747
1318
1318
485
483
500
500
763
763
763
747
747
761
747
1318
1318
485
483
500
500
763
763
763
747
747
761
747
1318
1318
485
483
500
500
763
763
763
747
747
761
1318
747
1318
485
500
483
500
763
763
763
747
747
761
1318
747
1318
485
500
500
483
763
763
763
747
747
761
1318
747
1318
485
483
500
500
763
763
763
747
761
747
1318
747
1318
485
483
500
500
763
763
763
747
747
747
761
1318
485
1318
483
500
500
763
763
763
747
747
761
1318
747
1318
485
500
500
483
763
763
763
747
747
761
747
1318
1318
485
483
500
500
763
763
763
747
747
761
1318
747
1318
485
500
500
483
763
763
763
747
761
747
1318
747
1318
485
500
500
483
763
763
763
747
761
747
747
1318
1318
485
483
500
500
763
763
763
747
747
761
1318
747
1318
485
500
483
500
763
763
763
747
747
761
747
1318
485
1318
483
500
500
763
763
763
747
761
747
1318
747
1318
485
483
500
500
763
763
763
747
761
747
747
1318
1318
485
483
500
500
763
763
763
747
761
747
1318
747
1318
485
500
483
500
763
763
763
747
747
761
1318
747
1318
485
483
500
500
763
763
763
747
761
747
747
1318
1318
485
483
500
500
763
763
763
747
761
747
1318
747
1318
485
483
500
500
763
763
763
747
747
761
1318
747
1318
485
483
500
500
763
763
763
747
747
761
1318
747
1318
485
500
483
500
763
763
763
747
761
747
1318
747
1318
485
483
500
500
763
763
763
747
761
747
1318
747
1318
485
483
500
500
763
763
763
747
747
761
1318
747
1318
485
500
500
483
763
763
763
747
747
761
1318
747
1318
485
483
500
500
763
763
763
747
747
761
1318
747
1318
485
500
500
483
763
763
763
747
761
747
1318
747
1318
485
483
500
500
763
763
763
747
761
747
1318
747
1318
485
483
500
500
763
763
763
747
761
747
1318
747
1318
485
500
483
500
763
763
763
747
747
761
1318
747
1318
485
483
500
500
763
763
763
747
761
747
747
1318
1318
485
500
500
483
763
763
763
747
747
761
1318
747
1318
485
483
500
500
763
763
763
747
747
761
1318
747
1318
485
483
500
500
763
763
763
747
747
761
1318
747
1318
485
483
500
500
763
763
763
747
747
761
1318
747
1318
485
483
500
500
763
763
763
747
761
747
747
1318
1318
485
500
483
500
763
763
763
747
761
747
1318
747
1318
485
483
500
500
763
763
763
747
747
761
1318
747
1318
485
483
500
500
763
763
763
747
761
747
1318
747
1318
485
483
500
500
763
763
763
747
747
761
1318
747
1318
485
483
500
500
763
763
763
747
747
761
1318
747
1318
485
483
500
500
763
763
763
747
761
747
747
1318
1318
485
483
500
500
763
763
763
747
761
747
747
1318
1318
485
483
500
500
763
763
763
747
747
761
1318
747
1318
485
483
500
500
763
763
763
747
747
761
747
1318
1318
485
483
500
500
763
763
763
747
747
761
1318
747
1318
485
500
483
500
763
763
763
747
761
747
747
1318
485
1318
483
500
500
763
763
763
747
761
747
1318
747
1318
485
500
500
483
763
763
763
747
747
761
1318
747
1318
485
500
500
483
763
763
763
747
761
747
747
1318
1318
485
483
500
500
763
763
763
747
761
747
747
1318
1318
485
483
500
500
763
763
763
747
747
761
1318
747
1318
485
483
500
500
763
763
763
747
761
747
747
1318
485
1318
483
500
500
763
763
763
747
747
761
1318
747
1318
485
483
500
500
763
763
763
747
761
747
747
1318
1318
485
483
500
500
763
763
763
747
747
761
1318
747
1318
485
483
500
500
763
763
763
747
761
747
747
1318
1318
485
500
500
483
763
763
763
747
747
761
1318
747
1318
485
483
500
500
763
763
763
747
747
761
1318
747
1318
485
483
500
500
763
763
763
747
761
747
1318
747
1318
485
483
500
500
763
763
763
747
761
747
747
1318
485
1318
483
500
500
763
763
763
747
747
761
747
1318
1318
485
483
500
500
763
763
763
747
761
747
1318
747
1318
485
483
500
500
763
763
763
747
747
761
747
1318
485
1318
500
500
483
763
763
763
747
747
761
1318
747
1318
485
483
500
500
763
763
763
747
747
761
1318
747
1318
485
483
500
500
763
763
763
747
761
747
1318
485
747
1318
500
500
483
763
763
763
747
747
761
1318
747
1318
485
483
500
500
763
763
763
747
747
761
1318
747
1318
485
483
500
500
763
763
763
747
747
761
1318
747
1318
485
500
500
483
763
763
763
747
761
747
1318
485
747
1318
483
500
500
763
763
763
747
747
761
1318
747
1318
485
483
500
500
763
763
763
747
761
747
1318
747
1318
485
483
500
500
763
763
763
747
747
761
1318
747
1318
485
483
500
500
763
763
763
747
761
747
747
1318
1318
485
483
500
500
763
763
763
747
761
747
747
1318
1318
485
483
500
500
763
763
763
747
761
747
1318
747
1318
485
483
500
500
763
763
763
747
747
761
747
1318
1318
485
483
500
500
763
763
763
747
747
761
1318
747
1318
485
483
500
500
763
763
763
747
761
747
1318
747
1318
485
483
500
500
763
763
763
747
747
761
1318
747
1318
485
500
500
483
763
763
763
747
761
747
747
1318
1318
485
483
500
500
763
763
763
747
761
747
1318
747
1318
485
483
500
500
763
763
763
747
761
747
1318
485
747
1318
483
500
500
763
763
763
747
747
761
747
1318
1318
485
500
500
483
763
763
763
747
761
747
747
1318
1318
485
500
483
500
763
763
763
747
747
761
747
1318
1318
485
500
500
483
763
763
763
747
761
747
747
1318
1318
485
483
500
500
763
763
763
747
761
747
747
1318
1318
485
483
500
500
763
763
763
747
761
747
747
1318
1318
485
483
500
500
763
763
763
747
747
761
1318
747
1318
485
483
500
500
763
763
763
747
747
761
1318
747
1318
485
500
483
500
763
763
763
747
761
747
747
1318
485
1318
483
500
500
763
763
763
747
747
761
1318
747
1318
485
483
500
500
763
763
763
747
747
761
1318
485
747
1318
483
500
500
763
763
763
747
747
761
1318
747
1318
485
483
500
500
763
763
763
747
761
747
1318
747
1318
485
483
500
500
763
763
763
747
747
761
1318
747
1318
485
483
500
500
763
763
763
747
761
747
1318
747
1318
485
483
500
500
763
763
763
747
747
761
747
1318
1318
485
500
500
483
763
763
763
747
761
747
747
1318
1318
485
483
500
500
763
763
763
747
761
747
747
1318
1318
485
500
483
500
763
763
763
747
761
747
747
1318
1318
485
483
500
500
763
763
763
747
747
761
747
1318
1318
485
483
500
500
763
763
763
747
761
747
1318
747
1318
485
483
500
500
763
763
763
747
761
747
747
1318
485
1318
500
500
483
763
763
763
747
747
761
747
1318
1318
485
483
500
500
763
763
763
747
747
761
747
1318
1318
485
483
500
500
763
763
763
747
747
761
1318
747
1318
485
483
500
500
763
763
763
747
761
747
747
1318
1318
485
483
500
500
763
763
763
747
761
747
747
1318
485
1318
483
500
500
763
763
763
747
747
761
1318
747
1318
485
500
483
500
763
763
763
747
761
747
1318
747
1318
485
483
500
500
763
763
763
747
761
747
1318
485
747
1318
483
500
500
763
763
763
747
747
761
1318
747
1318
485
483
500
500
763
763
763
747
747
761
1318
747
1318
485
483
500
500
763
763
763
747
747
761
1318
747
1318
485
483
500
500
763
763
763
747
747
761
747
1318
1318
485
483
500
500
763
763
763
747
761
747
1318
747
1318
485
483
500
500
763
763
763
747
761
747
1318
747
1318
485
483
500
500
763
763
763
747
761
747
747
1318
1318
485
483
500
500
763
763
763
747
761
747
1318
747
1318
485
483
500
500
763
763
763
747
761
747
1318
747
1318
485
483
500
500
763
763
763
747
761
747
747
1318
1318
485
483
500
500
763
763
763
747
747
761
1318
747
1318
485
500
500
483
763
763
763
747
747
761
1318
747
1318
485
483
500
500
763
763
763
747
761
747
747
1318
485
1318
483
500
500
763
763
763
747
747
761
747
1318
1318
485
483
500
500
763
763
763
747
761
747
1318
747
1318
485
483
500
500
763
763
763
747
761
747
1318
747
1318
485
483
500
500
763
763
763
747
747
761
1318
747
1318
485
483
500
500
763
763
763
747
747
761
1318
747
1318
485
500
500
483
763
763
763
747
761
747
1318
747
1318
485
500
500
483
763
763
763
747
761
747
1318
747
1318
485
483
500
500
763
763
763
747
761
747
1318
747
1318
485
500
483
500
763
763
763
747
747
761
1318
747
1318
485
500
500
483
763
763
763
747
761
747
1318
747
1318
485
483
500
500
763
763
763
747
747
761
1318
747
1318
485
483
500
500
763
763
763
747
761
747
747
1318
1318
485
500
500
483
763
763
763
747
747
761
1318
747
1318
485
483
500
500
763
763
763
747
747
761
747
1318
1318
485
500
500
483
763
763
763
747
747
761
1318
747
1318
485
500
500
483
763
763
763
747
761
747
747
1318
485
1318
500
483
500
763
763
763
747
761
747
747
1318
485
1318
483
500
500
763
763
763
747
761
747
1318
747
1318
485
500
500
483
763
763
763
747
761
747
1318
747
1318
485
483
500
500
763
763
763
747
747
761
1318
747
1318
485
500
500
483
763
763
763
747
761
747
747
1318
485
1318
483
500
500
763
763
763
747
761
747
747
1318
485
1318
500
500
483
763
763
763
747
761
747
747
1318
1318
485
483
500
500
763
763
763
747
747
761
747
1318
1318
485
483
500
500
763
763
763
747
747
761
1318
747
1318
485
483
500
500
763
763
763
747
747
761
1318
747
1318
485
500
500
483
763
763
763
747
747
761
747
1318
1318
485
483
500
500
763
763
763
747
747
761
1318
747
1318
485
483
500
500
763
763
763
747
747
761
747
1318
1318
485
483
500
500
763
763
763
747
761
747
1318
747
1318
485
483
500
500
763
763
763
747
761
747
747
1318
1318
485
483
500
500
763
763
763
747
747
761
1318
747
1318
485
483
500
500
763
763
763
747
747
761
1318
747
1318
485
483
500
500
763
763
763
747
761
747
747
1318
1318
485
483
500
500
763
763
763
747
747
747
761
1318
1318
485
483
500
500
763
763
763
747
747
761
1318
485
747
1318
483
500
500
763
763
763
747
761
747
747
1318
1318
485
483
500
500
763
763
763
747
761
747
747
1318
1318
485
483
500
500
763
763
763
747
761
747
1318
485
747
1318
483
500
500
763
763
763
747
747
747
761
1318
485
1318
483
500
500
763
763
763
747
747
761
1318
747
1318
485
483
500
500
763
763
763
747
761
747
747
1318
1318
485
483
500
500
763
763
763
747
761
747
747
1318
1318
485
483
500
500
763
763
763
747
747
761
1318
485
747
1318
483
500
500
500
1331
-1
1334
763
763
747
761
485
747
1318
483
500
500
763
763
763
747
747
761
1318
485
747
1318
483
500
500
763
763
763
747
747
761
1318
747
1318
485
500
483
500
763
763
763
747
761
747
747
1318
1318
485
483
500
500
763
763
763
747
747
761
1318
747
1318
485
483
500
500
763
763
763
747
761
747
747
1318
485
1318
483
500
500
763
763
763
747
747
747
761
1318
485
1318
483
500
500
763
763
763
747
761
747
1318
747
1318
485
483
500
500
763
763
763
747
761
747
747
1318
1318
485
483
500
500
763
763
763
747
761
747
747
1318
1318
485
483
500
500
763
763
763
747
747
761
747
1318
1318
485
483
500
500
763
763
763
747
747
761
1318
485
747
1318
483
500
500
763
763
763
747
747
761
1318
747
1318
485
483
500
500
763
763
763
747
747
761
747
1318
1318
485
483
500
500
763
763
763
747
761
747
747
1318
485
1318
500
500
483
763
763
763
747
747
761
1318
485
747
1318
483
500
500
763
763
763
747
761
747
747
1318
1318
485
483
500
500
763
763
763
747
761
747
747
1318
1318
485
483
500
500
763
763
763
747
747
761
1318
485
747
1318
483
500
500
763
763
763
747
761
747
747
1318
1318
485
483
500
500
763
763
763
747
747
761
1318
485
747
1318
500
500
483
763
763
763
747
761
747
747
1318
1318
485
483
500
500
763
763
763
747
761
747
1318
747
1318
485
500
483
500
500
763
763
763
747
747
761
1318
485
747
1318
483
500
500
763
763
763
747
761
747
747
1318
1318
485
483
500
500
763
763
763
747
747
761
1318
747
1318
485
483
500
500
763
763
763
747
747
761
747
1318
1318
485
483
500
500
763
763
763
747
747
747
761
1318
485
1318
500
500
483
763
763
763
747
747
761
1318
747
1318
485
483
500
500
763
763
763
747
747
761
1318
747
1318
485
483
500
500
763
763
763
747
747
761
1318
747
1318
485
500
500
483
763
763
763
747
761
747
747
1318
485
1318
500
500
483
763
763
763
747
761
747
747
1318
1318
485
500
500
483
763
763
763
747
747
747
761
1318
1318
485
483
500
500
763
763
763
747
747
761
747
1318
1318
485
483
500
500
763
763
763
747
761
747
747
1318
485
1318
483
500
500
763
763
763
747
761
747
1318
747
1318
485
500
500
483
763
763
763
747
761
747
747
1318
1318
485
500
500
483
763
763
763
747
761
747
1318
747
1318
485
483
500
500
763
763
763
747
747
761
1318
485
747
1318
483
500
500
763
763
763
747
747
761
747
1318
1318
485
483
500
500
763
763
763
747
747
761
1318
485
747
1318
483
500
500
763
763
763
747
747
761
1318
485
747
1318
483
500
500
763
763
763
747
747
761
1318
485
747
1318
483
500
500
763
763
763
747
747
747
761
1318
485
1318
483
500
500
763
763
763
747
761
747
747
1318
1318
485
483
500
500
763
763
763
747
761
747
747
1318
1318
485
483
500
500
763
763
763
747
747
747
761
1318
485
1318
483
500
500
763
763
763
747
747
747
761
1318
1318
485
483
500
500
763
763
763
747
747
747
761
1318
1318
485
483
500
500
763
763
763
747
761
747
747
1318
1318
485
483
500
500
763
763
763
747
747
761
1318
747
1318
485
483
500
500
763
763
763
747
761
747
747
1318
1318
485
483
500
500
763
763
763
747
747
747
761
1318
1318
485
483
500
500
763
763
763
747
761
747
747
1318
1318
485
483
500
500
763
763
763
747
761
747
747
1318
1318
485
500
483
500
763
763
763
747
747
761
1318
485
747
1318
500
500
483
763
763
763
747
747
761
1318
485
747
1318
483
500
500
763
763
763
747
747
747
761
1318
1318
485
483
500
500
763
763
763
747
747
761
1318
485
747
1318
483
500
500
763
763
763
747
747
761
1318
485
747
1318
500
483
500
763
763
763
747
761
747
747
1318
1318
485
483
500
500
763
763
763
747
747
761
747
1318
1318
485
483
500
500
763
763
763
747
761
747
1318
485
747
1318
483
500
500
763
763
763
747
761
747
747
1318
1318
485
483
500
500
763
763
763
747
761
747
747
1318
1318
485
483
500
500
763
763
763
747
747
761
1318
485
747
1318
483
500
500
763
763
763
747
747
761
1318
485
747
1318
483
500
500
763
763
763
747
761
747
747
1318
1318
485
483
500
500
763
763
763
747
747
747
761
1318
1318
485
483
500
500
763
763
763
747
747
761
1318
485
747
1318
483
500
500
763
763
763
747
747
761
1318
485
747
1318
483
500
500
763
763
763
747
747
761
1318
485
747
1318
483
500
500
763
763
763
747
747
747
761
1318
1318
485
483
500
500
763
763
763
747
747
747
761
1318
1318
485
483
500
500
763
763
763
747
761
747
747
1318
1318
485
500
500
483
763
763
763
747
761
747
747
1318
1318
485
500
500
483
763
763
763
747
747
761
485
747
1318
1318
483
500
500
763
763
763
747
761
485
747
747
1318
1318
483
500
500
763
763
763
747
761
747
747
1318
1318
485
483
500
500
763
763
763
747
747
747
761
1318
1318
485
483
500
500
763
763
763
747
747
747
761
1318
1318
485
483
500
500
763
763
763
747
761
747
747
1318
1318
485
483
500
500
763
763
763
747
747
747
761
1318
1318
485
483
500
500
763
763
763
747
747
761
1318
485
747
1318
483
500
500
763
763
763
747
761
747
747
1318
1318
485
483
500
500
763
763
763
747
761
747
747
1318
1318
485
500
500
483
763
763
763
747
747
761
747
1318
1318
485
483
500
500
763
763
763
747
761
747
747
1318
1318
485
483
500
500
763
763
763
747
761
747
747
1318
1318
485
483
500
500
763
763
763
747
761
747
1318
747
1318
485
483
500
500
763
763
763
747
747
747
761
1318
485
1318
483
500
500
763
763
763
747
761
747
747
1318
1318
485
483
500
500
763
763
763
747
761
747
747
1318
1318
485
483
500
500
763
763
763
747
747
761
747
1318
1318
485
483
500
500
763
763
763
747
747
761
1318
747
1318
485
483
500
500
763
763
763
747
761
747
1318
747
1318
485
483
500
500
763
763
763
747
747
761
1318
747
1318
485
500
483
500
763
763
763
747
747
761
747
1318
485
1318
483
500
500
763
763
763
747
761
747
747
1318
1318
485
483
500
500
763
763
763
747
761
747
1318
747
485
1318
483
500
500
763
763
763
747
761
747
747
1318
1318
485
483
500
500
763
763
763
747
761
747
1318
747
485
1318
483
500
500
763
763
763
747
761
747
747
1318
485
1318
500
483
500
763
763
763
747
761
747
1318
747
1318
485
483
500
500
763
763
763
747
761
747
747
1318
1318
485
483
500
500
763
763
763
747
761
747
1318
485
747
1318
483
500
500
763
763
763
747
747
761
1318
747
1318
485
483
500
500
763
763
763
747
761
747
1318
485
747
1318
483
500
500
763
763
763
747
761
747
747
1318
1318
485
483
500
500
763
763
763
747
761
747
1318
747
485
1318
483
500
500
763
763
763
747
747
761
1318
747
1318
485
483
500
500
763
763
763
747
761
747
1318
485
747
1318
483
500
500
763
763
763
747
761
747
747
1318
1318
485
483
500
500
763
763
763
747
747
761
485
747
1318
1318
483
500
500
763
763
763
747
747
761
1318
747
1318
485
500
500
483
763
763
763
747
761
747
747
1318
1318
485
483
500
500
763
763
763
747
747
761
1318
747
1318
485
483
500
500
763
763
763
747
747
747
761
1318
1318
485
483
500
500
763
763
763
747
747
761
1318
485
747
1318
500
500
483
763
763
763
747
761
747
747
1318
1318
485
483
500
500
763
763
763
747
747
747
761
1318
485
1318
500
483
500
763
763
763
747
761
485
747
747
1318
1318
483
500
500
763
763
763
747
747
761
747
1318
1318
485
500
483
500
763
763
763
747
747
761
1318
747
1318
485
483
500
500
763
763
763
747
761
747
1318
485
747
1318
483
500
500
763
763
763
747
747
761
1318
485
747
1318
483
500
500
763
763
763
747
761
747
747
1318
1318
485
483
500
500
763
763
763
747
761
747
747
1318
1318
485
483
500
500
763
763
763
747
761
747
747
1318
1318
485
483
500
500
763
763
763
747
761
747
747
1318
1318
485
483
500
500
763
763
763
747
747
761
747
1318
1318
485
483
500
500
763
763
763
747
761
747
747
1318
1318
485
483
500
500
763
763
763
747
761
485
747
747
1318
1318
483
500
500
763
763
763
747
761
747
747
1318
1318
485
483
500
500
763
763
763
747
761
747
485
747
1318
1318
483
500
500
763
763
763
747
761
747
1318
747
485
1318
483
500
500
763
763
763
747
761
747
1318
747
1318
485
483
500
500
763
763
763
747
761
747
747
1318
485
1318
483
500
500
763
763
763
747
761
747
747
1318
485
1318
483
500
500
763
763
763
747
761
747
747
1318
1318
485
483
500
500
763
763
763
747
761
747
1318
747
1318
485
483
500
500
763
763
763
747
761
747
1318
485
747
1318
483
500
500
763
763
763
747
761
747
747
1318
485
1318
483
500
500
763
763
763
747
761
747
1318
485
747
1318
483
500
500
763
763
763
747
761
747
1318
485
747
1318
483
500
500
763
763
763
747
761
747
747
1318
1318
485
483
500
500
763
763
763
747
747
761
1318
485
747
1318
483
500
500
763
763
763
747
747
761
1318
747
485
1318
483
500
500
763
763
763
747
761
747
1318
747
1318
485
483
500
500
763
763
763
747
761
747
1318
747
1318
485
483
500
500
763
763
763
747
761
747
1318
747
485
1318
483
500
500
763
763
763
747
761
747
1318
747
1318
485
483
500
500
763
763
763
747
761
747
1318
747
1318
485
483
500
500
763
763
763
747
761
747
1318
485
747
1318
483
500
500
763
763
763
747
747
761
1318
747
485
1318
483
500
500
763
763
763
747
761
747
1318
747
1318
485
483
500
500
763
763
763
747
761
747
1318
485
747
1318
483
500
500
763
763
763
747
747
761
1318
747
1318
485
483
500
500
763
763
763
747
747
761
1318
485
747
1318
483
500
500
763
763
763
747
761
747
1318
485
747
1318
483
500
500
763
763
763
747
761
747
747
1318
1318
485
500
500
483
763
763
763
747
761
747
747
1318
1318
485
483
500
500
763
763
763
747
747
761
1318
747
1318
485
500
500
483
763
763
763
747
761
747
1318
747
1318
485
483
500
500
763
763
763
747
747
761
747
1318
1318
485
500
500
483
763
763
763
747
747
761
747
1318
1318
485
500
500
483
763
763
763
747
747
761
1318
485
747
1318
483
500
500
763
763
763
747
747
761
485
747
1318
1318
483
500
500
763
763
763
747
761
485
747
747
1318
1318
483
500
500
763
763
763
747
747
761
1318
485
747
1318
483
500
500
763
763
763
747
761
747
747
1318
1318
485
500
483
500
763
763
763
747
761
485
747
747
1318
1318
483
500
500
763
763
763
747
747
747
761
1318
1318
485
483
500
500
763
763
763
747
761
485
747
747
1318
1318
483
500
500
763
763
763
747
747
747
761
1318
1318
485
483
500
500
763
763
763
747
747
747
761
1318
1318
485
483
500
500
763
763
763
747
747
747
761
1318
1318
485
500
500
483
763
763
763
747
747
761
485
747
1318
1318
483
500
500
763
763
763
747
761
485
747
747
1318
1318
483
500
500
763
763
763
747
747
747
761
1318
485
1318
483
500
500
763
763
763
747
761
747
747
1318
1318
485
483
500
500
763
763
763
747
747
761
485
747
1318
1318
483
500
500
763
763
763
747
747
761
1318
485
747
1318
483
500
500
763
763
763
747
747
761
1318
485
747
1318
500
500
483
763
763
763
747
747
761
1318
485
747
1318
483
500
500
763
763
763
747
747
747
761
1318
1318
485
483
500
500
763
763
763
747
747
761
1318
485
747
1318
483
500
500
763
763
763
747
747
761
1318
485
747
1318
483
500
500
763
763
763
747
747
761
1318
485
747
1318
500
500
483
763
763
763
747
761
747
747
1318
1318
485
483
500
500
763
763
763
747
747
747
761
1318
1318
485
483
500
500
763
763
763
747
747
747
761
1318
1318
485
483
500
500
763
763
763
747
747
747
761
1318
1318
485
500
500
483
763
763
763
747
747
747
761
1318
1318
485
483
500
500
763
763
763
747
747
747
761
1318
1318
485
483
500
500
763
763
763
747
747
747
761
1318
1318
485
483
500
500
763
763
763
747
747
747
761
1318
1318
485
483
500
500
763
763
763
747
747
761
1318
485
747
1318
483
500
500
763
763
763
747
747
747
761
1318
1318
485
483
500
500
763
763
763
747
747
747
761
1318
485
1318
483
500
500
763
763
763
747
747
761
747
1318
1318
485
500
500
483
763
763
763
747
747
761
1318
485
747
1318
483
500
500
763
763
763
747
761
485
747
747
1318
1318
483
500
500
763
763
763
747
761
747
1318
485
747
1318
483
500
500
763
763
763
747
761
485
747
747
1318
1318
483
500
500
763
763
763
747
747
747
761
1318
1318
485
483
500
500
763
763
763
747
747
747
761
1318
1318
485
483
500
500
763
763
763
747
747
747
761
1318
1318
485
483
500
500
763
763
763
747
747
747
761
1318
1318
485
483
500
500
763
763
763
747
761
485
747
747
1318
1318
483
500
500
763
763
763
747
747
761
1318
485
747
1318
483
500
500
763
763
763
747
761
485
747
747
1318
1318
483
500
500
763
763
763
747
747
747
761
1318
1318
485
483
500
500
763
763
763
747
761
747
747
1318
1318
485
483
500
500
763
763
763
747
747
761
1318
485
747
1318
483
500
500
763
763
763
747
747
747
761
1318
1318
485
483
500
500
763
763
763
747
761
485
747
747
1318
1318
483
500
500
763
763
763
747
747
761
1318
485
747
1318
483
500
500
763
763
763
747
747
761
1318
485
747
1318
483
500
500
763
763
763
747
747
747
761
1318
1318
485
483
500
500
763
763
763
747
747
747
761
1318
1318
485
483
500
500
763
763
763
485
747
747
747
761
1318
1318
483
500
500
763
763
763
747
747
747
761
1318
1318
485
483
500
500
763
763
763
747
761
485
747
747
1318
1318
483
500
500
763
763
763
747
761
747
747
1318
1318
485
483
500
500
500
1331
-1
1334
763
763
747
747
761
1318
485
748
483
500
500
500
1331
-1
1334
763
763
747
761
485
747
1318
492
483
500
500
763
755
762
763
763
763
747
761
485
747
747
1318
1318
483
500
500
763
763
763
747
747
761
1318
485
747
1318
483
500
500
763
763
763
747
747
747
761
1318
1318
485
500
500
483
763
763
763
747
747
747
761
1318
485
1318
483
500
500
763
763
763
747
747
761
1318
485
747
1318
483
500
500
763
763
763
747
747
747
761
1318
1318
485
483
500
500
763
763
763
747
761
485
747
747
1318
1318
483
500
500
763
763
763
747
761
747
747
1318
1318
485
483
500
500
763
763
763
747
747
761
1318
485
747
1318
483
500
500
763
763
763
747
747
761
1318
485
747
1318
483
500
500
763
763
763
747
747
761
1318
485
747
1318
483
500
500
763
763
763
747
761
747
747
1318
485
1318
483
500
500
763
763
763
747
747
761
1318
485
747
1318
483
500
500
763
763
763
747
761
485
747
747
1318
1318
483
500
500
763
763
763
747
747
761
1318
485
747
1318
483
500
500
763
763
763
747
747
761
485
747
1318
1318
483
500
500
763
763
763
747
747
761
1318
747
1318
485
483
500
500
763
763
763
747
747
747
761
1318
485
1318
483
500
500
763
763
763
747
747
761
1318
747
1318
485
483
500
500
763
763
763
747
761
485
747
747
1318
1318
500
483
500
763
763
763
747
747
761
1318
485
747
1318
483
500
500
763
763
763
747
747
761
1318
747
1318
485
483
500
500
763
763
763
747
761
747
747
1318
1318
485
483
500
500
763
763
763
747
747
761
485
747
1318
1318
483
500
500
763
763
763
747
747
747
761
1318
1318
485
483
500
500
763
763
763
747
747
747
761
1318
1318
485
483
500
500
763
763
763
747
747
761
1318
485
747
1318
483
500
500
763
763
763
747
747
747
761
1318
1318
485
483
500
500
763
763
500
500
763
747
747
761
1318
485
747
1318
483
500
500
763
763
763
747
761
485
747
747
1318
1318
483
500
500
763
763
763
747
747
747
761
1318
1318
485
483
500
500
763
763
763
747
747
747
761
1318
1318
485
483
500
500
763
763
763
747
761
485
747
747
1318
1318
500
483
500
763
763
763
747
761
485
747
747
1318
1318
483
500
500
763
763
763
747
747
761
1318
485
747
1318
483
500
500
763
763
763
747
761
747
747
1318
1318
485
483
500
500
763
763
763
747
747
747
761
1318
1318
485
483
500
500
763
763
763
747
761
485
747
747
1318
1318
483
500
500
763
763
747
763
485
747
747
761
1318
1318
483
500
500
763
763
763
747
761
747
747
1318
1318
485
483
500
500
763
763
763
747
747
761
1318
485
747
1318
483
500
500
763
763
763
747
747
761
1318
485
747
1318
483
500
500
763
763
763
747
747
747
761
1318
1318
485
483
500
500
763
763
763
747
747
761
1318
485
747
1318
483
500
500
763
763
763
747
747
761
1318
485
747
1318
483
500
500
763
763
763
747
747
761
485
747
1318
1318
483
500
500
763
763
763
485
747
747
747
761
1318
1318
483
500
500
763
763
763
747
747
761
1318
485
747
1318
483
500
500
763
763
763
747
747
747
761
1318
1318
485
483
500
500
763
763
763
747
747
747
761
1318
485
1318
483
500
500
763
763
763
747
761
747
747
1318
1318
485
483
500
500
763
763
763
747
747
761
485
747
1318
1318
483
500
500
763
763
763
747
747
761
1318
485
747
1318
483
500
500
763
763
763
747
747
747
761
1318
1318
485
483
500
500
763
763
763
747
761
747
747
1318
1318
485
483
500
500
763
763
763
747
761
747
747
1318
1318
485
500
483
500
763
763
763
747
761
485
747
747
1318
1318
483
500
500
763
763
763
747
761
485
747
747
1318
1318
483
500
500
763
763
763
747
747
747
761
1318
1318
485
483
500
500
763
763
763
485
747
747
747
761
1318
1318
483
500
500
763
763
763
747
747
747
761
1318
1318
485
500
500
483
763
763
763
747
761
485
747
747
1318
1318
483
500
500
763
763
763
747
747
761
1318
485
747
1318
483
500
500
763
763
763
747
761
747
747
1318
1318
485
483
500
500
763
763
763
747
761
747
747
1318
485
1318
483
500
500
763
763
763
747
747
761
1318
747
1318
485
483
500
500
763
763
763
747
761
747
747
1318
485
1318
483
500
500
763
763
763
747
747
747
761
1318
1318
485
483
500
500
763
763
763
747
747
747
761
1318
485
1318
483
500
500
763
763
763
747
747
761
1318
485
747
1318
483
500
500
763
763
763
747
747
761
485
747
1318
1318
483
500
500
763
763
763
747
747
747
761
1318
1318
485
483
500
500
763
763
763
747
761
747
747
1318
1318
485
483
500
500
763
763
763
747
747
747
761
1318
1318
485
483
500
500
763
763
763
747
747
761
1318
485
747
1318
500
500
483
763
763
763
747
747
747
761
1318
485
1318
483
500
500
763
763
763
747
747
761
485
747
1318
1318
483
500
500
763
763
763
747
747
761
747
1318
1318
485
483
500
500
763
763
763
747
747
747
761
1318
1318
485
483
500
500
763
763
763
485
747
747
747
761
1318
1318
483
500
500
763
763
763
747
761
485
747
747
1318
1318
500
500
483
763
763
763
747
747
747
761
1318
1318
485
483
500
500
763
763
763
747
747
761
1318
485
747
1318
483
500
500
763
763
763
747
747
747
761
1318
485
1318
483
500
500
763
763
763
747
747
761
1318
485
747
1318
483
500
500
763
763
763
747
747
761
1318
485
747
1318
483
500
500
763
763
763
747
747
747
761
1318
1318
485
483
500
500
763
763
763
747
747
761
747
1318
1318
485
483
500
500
763
763
763
747
747
761
1318
485
747
1318
483
500
500
763
763
763
747
747
747
761
1318
485
1318
483
500
500
763
763
763
747
761
747
747
1318
1318
485
483
500
500
763
763
763
747
747
761
1318
485
747
1318
483
500
500
763
763
763
747
747
761
1318
485
747
1318
483
500
500
763
763
763
747
747
761
1318
485
747
1318
483
500
500
763
763
763
747
747
761
1318
747
1318
485
483
500
500
763
763
763
747
747
747
761
1318
1318
485
483
500
500
763
763
763
747
747
761
1318
485
747
1318
483
500
500
763
763
763
747
747
761
485
747
1318
1318
483
500
500
763
763
763
747
747
761
485
747
1318
1318
483
500
500
763
763
763
747
747
747
761
1318
485
1318
483
500
500
763
763
763
747
761
485
747
747
1318
1318
483
500
500
763
763
763
747
761
485
747
747
1318
1318
483
500
500
763
763
763
747
747
747
761
1318
1318
485
483
500
500
763
763
763
485
747
747
747
761
1318
1318
483
500
500
763
763
763
747
747
747
761
1318
485
1318
483
500
500
763
763
763
747
747
747
761
1318
1318
485
483
500
500
763
763
763
747
747
761
1318
485
747
1318
483
500
500
763
763
763
747
761
485
747
747
1318
1318
500
483
500
763
763
763
747
761
485
747
747
1318
1318
483
500
500
763
763
763
747
747
747
761
1318
1318
485
500
500
483
763
763
763
485
747
747
747
761
1318
1318
483
500
500
763
763
763
747
761
485
747
747
1318
1318
483
500
500
763
763
763
747
761
485
747
747
1318
1318
483
500
500
763
763
763
747
747
761
485
747
1318
1318
483
500
500
763
763
763
747
747
761
1318
485
747
1318
500
500
483
763
763
747
761
763
485
747
747
1318
1318
483
500
500
763
763
763
747
747
747
761
1318
485
1318
500
500
483
763
763
747
761
763
485
747
747
1318
1318
483
500
500
763
763
763
747
761
485
747
747
1318
1318
483
500
500
763
763
763
747
747
761
1318
485
747
1318
483
500
500
763
763
747
761
763
485
747
747
1318
1318
748
748
763
763
755
755
762
762
0
0
0
0
0
0
0
0
0
0
0
0
0
0
1343
0
0
0
0
0
0
0
0
0
0
0
0
0
0
0
0
0
0
0
0
0
0
0
0
0
0
0
0
0
0
0
0
0
0
0
0
0
0
0
0
0
0
0
0
0
0
0
0
0
1328
0
0
1308
1307
0
0
0
0
801
802
803
836
802
840
804
-1
-1
855
-1
-1
-1
855
-1
-1
-1
-1
-1
-1
-1
-1
-1
-1
-1
-1
813
811
-1
-1
-1
-1
842
-1
