-1
843
1011
1037
1038
1039
1007
1012
1051
883
884
1816
1856
1020
1022
1021
1021
1021
1021
1021
1021
1024
1023
1812
1813
1814
1815
1856
841
841
841
841
841
1853
1854
972
991
988
999
990
1000
986
986
844
917
1047
1047
1047
907
908
897
898
1043
1044
1045
1046
895
892
892
892
900
900
900
892
892
892
892
892
968
968
968
968
1043
1044
1045
1046
967
967
967
1006
1017
1018
1043
1044
1045
1046
1019
1019
1019
995
996
1043
1044
1045
1046
913
978
979
1002
981
982
980
977
984
976
992
989
1005
1008
1010
1026
1032
994
1004
905
894
899
888
889
891
1028
1031
890
892
892
892
892
892
1009
969
998
971
904
-1
843
-1
843
-1
843
949
1037
1038
1039
949
949
917
918
926
917
939
1037
932
922
931
1037
1816
1038
1039
1038
1039
1856
1020
1022
1021
1021
1021
1023
1812
1813
1814
1815
841
841
917
917
918
926
917
939
918
917
926
939
932
922
931
841
932
922
931
841
841
1816
1816
1852
966
942
844
1856
1020
1051
1856
1022
1021
1021
1021
1020
1022
1021
1026
1021
1021
1032
1023
1812
1023
1812
1813
1814
1815
1813
1814
1815
841
841
841
841
932
841
841
841
936
841
938
841
841
925
1028
1031
1852
1852
966
966
1051
942
942
844
844
1051
1026
1026
1032
1032
921
916
913
915
912
909
914
910
911
937
929
960
953
954
932
965
958
955
959
932
1851
936
938
936
961
964
950
956
962
963
949
938
1028
925
1031
948
925
947
945
1840
943
946
1028
923
1031
921
916
886
903
1040
913
921
915
912
916
924
928
913
915
912
909
914
910
911
937
929
909
914
910
960
911
937
929
906
960
845
846
953
954
940
965
930
958
953
954
965
958
955
959
955
959
1851
1851
961
964
961
964
950
956
962
949
963
950
956
949
962
963
948
947
945
948
1840
943
947
946
945
943
1840
946
923
923
886
903
1040
924
928
886
903
1040
924
928
906
906
845
846
930
940
845
846
930
940
-1
843
1037
1039
1038
972
913
991
999
988
990
1000
986
986
844
917
1047
1047
1047
907
908
897
898
1044
1045
1043
1046
895
892
900
892
892
892
892
892
892
892
900
900
968
968
968
968
1043
1044
1045
1046
967
967
967
1006
1017
1018
1043
1044
1045
1046
1019
1019
1019
1013
1014
883
884
1816
1856
1020
1022
1021
1021
1021
1021
1021
1021
1023
1812
1813
1814
1815
1856
841
841
841
1015
841
841
-1
843
1247
882
881
1338
882
1079
1070
1332
1334
1327
1073
1068
1250
1077
1074
1075
1076
1037
1038
1039
1083
1069
1071
1247
1290
1325
1047
1047
1047
1048
882
1295
1295
1319
1316
1308
1308
1313
1254
1309
1320
1306
1326
881
1148
1151
1818
1249
1816
1856
1020
1022
1021
1021
1021
1021
1021
1021
1339
1023
1812
1813
1814
1815
1856
1042
1041
1042
841
841
841
841
1340
841
1026
1032
1028
1078
1031
1248
1041
1042
1042
1257
1257
1258
1333
1335
1336
1336
1055
1080
1081
1082
1072
1325
1026
1032
1028
1078
1031
1051
1026
1032
1078
1028
1031
1026
1032
1078
1028
1031
-1
843
-1
843
-1
843
1337
1248
1256
1141
1140
1142
1140
1141
1142
1140
1141
1142
1060
1059
1062
1058
1061
1066
1067
1145
1056
1057
1037
1039
1038
1144
1092
1092
1060
1059
1062
1058
1061
1066
1067
1145
1093
1065
1064
1100
1126
1056
1057
1060
1059
1062
1058
1061
1066
1067
1145
1063
1121
1056
1138
1139
1057
881
1338
1131
1132
1133
1129
1134
1137
1129
1104
881
1338
1037
1096
1037
1094
1026
1038
1039
1144
1092
1032
1038
1039
1092
1144
1078
1028
1031
1092
1146
1026
1032
1092
1078
1093
1028
1031
1124
1065
1064
1100
1101
1102
1126
1869
1147
1063
1816
1093
1121
1065
1138
1139
1064
1100
1126
881
1338
1063
1131
1132
1133
1129
1134
1137
1129
1104
881
1338
1096
1094
1121
1138
1139
881
1338
1131
1132
1133
1129
1134
1137
1129
1104
881
1338
1096
1094
1856
1020
1026
1022
1021
1021
1021
1021
1021
1021
1026
1032
1032
1078
1028
1031
1146
1028
1078
1026
1032
1031
1028
1031
1078
1124
1146
1101
1102
1869
1026
1032
1147
1028
1031
1078
1124
1101
1102
1869
1147
1816
1816
1856
1856
1020
1339
1023
1812
1020
1022
1021
1021
1021
1022
1021
1021
1021
1021
1021
1021
1021
1021
1021
1813
1814
1815
1856
841
841
1023
1339
1812
1339
1023
1812
1813
1814
1815
1813
1814
1856
1815
841
841
1856
841
841
841
841
841
1340
1095
1052
1051
841
1340
841
841
1095
1052
1051
1292
841
1340
841
841
1251
1095
839
1301
1051
1097
839
1052
1251
1292
1301
1097
839
839
1251
1292
1301
1097
839
839
902
902
885
935
935
935
919
933
919
1817
919
1817
987
887
902
902
885
935
935
935
919
933
919
1817
919
1817
887
902
885
902
935
935
935
919
933
919
1817
919
1817
887
885
902
902
935
935
935
919
919
933
919
1817
1817
887
885
902
902
935
935
935
919
933
919
1817
919
1817
887
902
885
902
935
935
935
919
933
919
1817
919
1817
887
885
902
902
935
935
935
919
933
919
1817
919
1817
887
902
885
902
935
935
935
919
933
919
1817
919
1817
887
885
902
902
935
935
935
919
933
919
1817
919
1817
887
902
902
885
935
935
935
919
933
919
1817
919
1817
887
885
902
902
935
935
935
919
933
919
1817
919
1817
887
902
902
885
935
935
935
919
933
919
1817
919
1817
887
885
902
902
935
935
935
919
933
919
1817
919
1817
887
885
902
902
935
935
935
919
933
919
1817
919
1817
887
885
902
902
935
935
935
919
919
933
1817
919
1817
887
902
902
885
935
935
935
919
933
919
1817
919
1817
887
885
902
902
935
935
935
919
933
919
1817
919
1817
887
885
902
902
935
935
935
919
933
919
1817
919
1817
887
885
902
902
935
935
935
919
933
919
1817
919
1817
887
885
902
902
935
935
935
919
933
919
1817
919
1817
887
902
902
885
935
935
935
919
933
919
1817
919
1817
887
902
902
885
935
935
935
919
933
919
919
1817
1817
887
885
902
902
935
935
935
919
933
919
919
1817
1817
887
902
902
885
935
935
935
919
933
919
1817
919
1817
887
902
885
902
935
935
935
919
933
919
1817
919
1817
887
902
885
902
935
935
935
919
933
919
1817
919
1817
887
902
885
902
935
935
935
919
933
919
1817
919
1817
887
885
902
902
935
935
935
919
933
919
919
1817
1817
887
885
902
902
935
935
935
919
933
919
1817
919
1817
887
902
902
885
935
935
935
919
933
919
1817
919
1817
887
902
902
885
935
935
935
919
919
933
919
1817
1817
887
885
902
902
935
935
935
919
933
919
1817
919
1817
887
885
902
902
935
935
935
919
933
919
1817
919
1817
887
885
902
902
935
935
935
919
933
919
1817
919
887
1817
885
902
902
935
935
935
919
933
919
1817
919
1817
887
885
902
902
935
935
935
919
933
919
1817
919
1817
887
885
902
902
935
935
935
919
933
919
1817
919
1817
887
902
885
902
935
935
935
919
933
919
919
1817
1817
887
902
885
902
902
1831
1833
1834
935
935
919
933
919
1817
887
885
902
902
902
1831
1833
1834
935
935
919
933
919
1817
887
885
902
902
902
1831
1833
1834
935
935
919
933
919
1817
887
902
902
902
1831
1833
1834
885
935
935
919
933
919
1817
887
885
901
902
902
1831
1833
1834
935
935
919
933
919
1817
887
901
902
902
1831
1833
1834
885
935
935
919
933
919
1817
887
902
885
902
902
1831
1833
1834
935
935
919
919
933
1817
887
885
902
902
902
1831
1833
1834
935
935
919
933
887
919
1817
885
902
902
902
1831
1833
1834
935
935
919
933
919
1817
887
902
885
901
902
1831
1833
1834
935
935
919
919
933
1817
887
885
902
902
902
1831
1833
1834
935
935
919
933
887
919
1817
902
902
885
902
1831
1833
1834
935
935
919
919
933
1817
887
902
885
902
902
1831
1833
1834
935
935
919
933
887
919
1817
885
902
902
902
1831
1833
1834
935
935
919
933
887
919
1817
885
901
902
902
1831
1833
1834
935
935
919
919
933
1817
887
885
902
902
902
1831
1833
1834
935
935
919
919
933
1817
887
885
902
902
902
1831
1833
1834
935
935
919
919
933
887
1817
902
902
885
901
1831
1833
1834
935
935
919
919
933
1817
887
885
902
902
902
1831
1833
1834
935
935
919
933
887
919
1817
901
902
902
1831
1833
1834
885
935
935
919
933
887
919
1817
885
902
902
902
1831
1833
1834
935
935
919
933
919
1817
887
885
902
902
902
1831
1833
1834
935
935
919
919
933
1817
887
885
901
902
902
1831
1833
1834
935
935
919
919
933
887
1817
885
902
902
902
1831
1833
1834
935
935
919
933
919
1817
887
885
902
902
902
1831
1833
1834
935
935
919
933
919
1817
887
885
901
902
902
1831
1833
1834
935
935
919
933
919
1817
887
885
901
902
902
1831
1833
1834
935
935
919
933
919
1817
887
885
902
902
902
1831
1833
1834
935
935
919
919
933
1817
887
902
885
902
902
1831
1833
1834
935
935
919
933
887
919
1817
885
901
902
902
1831
1833
1834
935
935
919
919
933
887
1817
885
901
902
902
1831
1833
1834
935
935
919
933
919
1817
887
901
902
902
1831
1833
1834
885
935
935
919
919
933
887
1817
885
902
902
902
1831
1833
1834
935
935
919
933
887
919
1817
885
902
902
902
1831
1833
1834
935
935
919
919
933
1817
887
902
885
902
902
1831
1833
1834
935
935
919
919
933
887
1817
902
902
902
1834
885
1831
1833
935
935
919
933
887
919
1817
885
902
902
902
1831
1833
1834
935
935
919
919
933
1817
887
885
902
902
902
1831
1833
1834
935
935
919
919
933
887
1817
902
885
901
902
1831
1833
1834
935
935
919
933
919
1817
887
885
902
902
902
1831
1833
1834
935
935
919
919
933
1817
887
885
902
902
902
1831
1833
1834
935
935
919
919
933
1817
887
885
901
902
902
1831
1833
1834
935
935
919
933
887
919
1817
902
902
885
902
1831
1833
1834
935
935
919
919
933
1817
887
885
902
902
902
1831
1833
1834
935
935
919
933
887
919
1817
885
902
902
902
1831
1833
1834
935
935
919
933
919
1817
887
885
902
902
902
1831
1833
1834
935
935
919
919
933
1817
887
885
902
902
902
1831
1833
1834
935
935
919
919
933
1817
887
885
902
902
902
1831
1833
1834
935
935
919
919
933
1817
887
885
901
902
902
1831
1833
1834
935
935
919
919
933
1817
887
885
902
902
902
1831
1833
1834
935
935
919
919
933
1817
887
885
902
902
902
1831
1833
1834
935
935
919
933
887
919
1817
885
902
902
902
1831
1833
1834
935
935
919
919
933
1817
887
885
901
902
902
1831
1833
1834
935
935
919
933
919
1817
887
885
901
902
902
1831
1833
1834
935
935
919
919
933
1817
887
885
902
902
902
1831
1833
1834
935
935
919
933
919
1817
887
885
902
902
902
1831
1833
1834
935
935
919
919
933
1817
887
902
902
902
1831
1833
1834
885
935
935
919
933
887
919
1817
885
902
902
902
1831
1833
1834
935
935
919
933
887
919
1817
885
901
902
902
1831
1833
1834
935
935
919
919
933
887
1817
885
902
902
902
1831
1833
1834
935
935
919
919
933
1817
887
902
902
902
885
1831
1833
1834
935
935
919
919
933
1817
887
885
902
902
902
1831
1833
1834
935
935
919
919
933
1817
887
902
902
902
1834
885
1831
1833
935
935
919
919
933
1817
887
885
902
902
902
1831
1833
1834
935
935
919
919
933
887
1817
902
902
902
1834
885
1831
1833
935
935
919
919
933
887
1817
901
902
902
1831
1833
1834
885
935
935
919
919
933
1817
887
885
901
902
902
1831
1833
1834
935
935
919
933
919
1817
887
885
901
902
902
1831
1833
1834
935
935
919
933
919
1817
887
885
902
902
902
1831
1833
1834
935
935
919
919
933
1817
887
885
901
902
902
1831
1833
1834
935
935
919
919
933
1817
887
885
902
902
902
1831
1833
1834
935
935
919
919
933
1817
887
885
901
902
902
1831
1833
1834
935
935
919
919
933
1817
887
901
902
902
1831
1833
1834
885
935
935
919
933
887
919
1817
885
902
902
902
1831
1833
1834
935
935
919
919
933
1817
887
885
902
902
902
1831
1833
1834
935
935
919
919
933
887
1817
902
902
902
1831
1833
1834
885
935
935
919
933
919
1817
887
885
902
902
902
1831
1833
1834
935
935
919
933
919
1817
887
885
902
902
902
1831
1833
1834
935
935
919
933
919
1817
887
885
902
902
902
1831
1833
1834
935
935
919
919
933
887
1817
885
901
902
902
1831
1833
1834
935
935
919
933
919
1817
887
885
902
902
902
1831
1833
1834
935
935
919
933
887
919
1817
902
902
885
902
1831
1833
1834
935
935
919
919
933
1817
887
885
901
902
902
1831
1833
1834
935
935
919
933
887
919
1817
902
902
902
1831
1833
1834
885
935
935
919
919
933
1817
887
885
902
902
902
1831
1833
1834
935
935
919
919
933
1817
887
885
901
902
902
1831
1833
1834
935
935
919
919
933
1817
887
885
901
902
902
1831
1833
1834
935
935
919
933
887
919
1817
885
901
902
902
1831
1833
1834
935
935
919
919
933
887
1817
885
902
902
902
1831
1833
1834
935
935
919
933
887
919
1817
902
902
885
902
1831
1833
1834
935
935
919
919
933
1817
887
885
902
902
902
1831
1833
1834
935
935
919
933
887
919
1817
885
901
902
902
1831
1833
1834
935
935
919
919
933
1817
987
887
885
902
902
902
1831
1833
1834
935
935
919
933
887
919
1817
885
902
902
902
1831
1833
1834
935
935
919
919
933
1817
887
885
902
902
902
1831
1833
1834
935
935
919
933
919
1817
887
885
901
902
902
1831
1833
1834
935
935
919
933
919
1817
887
885
902
902
902
1831
1833
1834
935
935
919
933
887
919
1817
885
902
902
902
1831
1833
1834
935
935
919
933
919
1817
887
885
902
902
902
1831
1833
1834
935
935
919
933
919
1817
887
885
902
902
902
1831
1833
1834
935
935
919
919
933
1817
887
902
885
902
902
1831
1833
1834
935
935
919
933
919
1817
887
902
902
902
1831
1834
885
1833
935
935
919
933
919
1817
887
885
902
902
902
1831
1833
1834
935
935
919
919
933
1817
887
885
902
902
902
1831
1833
1834
935
935
919
919
933
1817
887
902
885
901
902
1831
1833
1834
935
935
919
933
919
1817
887
902
902
902
1831
1833
1834
885
935
935
919
919
933
1817
887
902
902
902
1831
1833
1834
885
935
935
919
933
887
919
1817
885
902
902
902
1831
1833
1834
935
935
919
919
933
1817
887
885
901
902
902
1831
1833
1834
935
935
919
933
887
919
1817
885
902
902
902
1831
1833
1834
935
935
919
919
933
1817
887
902
885
902
902
1831
1833
1834
935
935
919
919
933
1817
887
885
902
902
902
1831
1833
1834
935
935
919
919
933
1817
887
885
901
902
902
1831
1833
1834
935
935
919
919
933
1817
887
885
902
902
902
1831
1833
1834
935
935
919
919
933
1817
887
885
902
902
902
1831
1833
1834
935
935
919
933
887
919
1817
885
902
902
902
1831
1833
1834
935
935
919
933
887
919
1817
885
902
902
902
1831
1833
1834
935
935
919
933
919
1817
887
885
902
902
902
1831
1833
1834
935
935
919
933
919
987
1817
887
885
902
902
902
1831
1833
1834
935
935
919
933
919
1817
887
885
902
902
902
1831
1833
1834
935
935
919
933
919
1817
887
885
902
902
902
1831
1833
1834
935
935
919
919
933
1817
887
885
902
902
902
1831
1833
1834
935
935
919
933
919
1817
887
885
901
902
902
1831
1833
1834
935
935
919
919
933
1817
887
885
902
902
902
1831
1833
1834
935
935
919
919
933
1817
887
885
902
902
902
1831
1833
1834
935
935
919
933
887
919
1817
885
901
902
902
1831
1833
1834
935
935
919
919
933
1817
887
885
901
902
902
1831
1833
1834
935
935
919
933
887
919
1817
885
901
902
902
1831
1833
1834
935
935
919
919
933
1817
887
885
901
902
902
1831
1833
1834
935
935
919
919
933
1817
887
885
901
902
902
1831
1833
1834
935
935
919
919
933
1817
987
902
901
902
902
902
1830
1832
1834
1834
901
901
901
902
902
902
902
902
902
902
902
1830
1830
1832
1832
1834
1834
1834
1834
1834
1830
1832
1834
887
885
901
902
902
1831
1833
1834
935
935
919
919
933
1817
887
885
901
902
902
1831
1833
1834
935
935
919
933
887
919
1817
885
902
902
902
1831
1833
1834
935
935
919
933
887
919
1817
902
885
902
902
1831
1833
1834
935
935
919
887
919
933
1817
885
901
902
902
1831
1833
1834
935
935
919
919
933
1817
887
885
901
902
902
1831
1833
1834
935
935
919
919
933
1817
887
885
901
902
902
1831
1833
1834
935
935
919
919
933
1817
887
885
902
902
935
935
935
919
933
919
919
1817
1817
887
885
902
902
902
1831
1833
1834
935
935
919
933
887
919
1817
885
902
902
902
1831
1833
1834
935
935
919
919
933
1817
887
885
901
902
902
1831
1833
1834
935
935
919
919
933
1817
887
885
902
902
902
1831
1833
1834
935
935
919
933
919
1817
887
902
902
902
1831
1834
885
1833
935
935
919
919
933
887
1817
885
902
902
902
1831
1833
1834
935
935
919
933
919
1817
887
902
902
902
885
1831
1833
1834
935
935
919
919
933
1817
887
885
902
902
902
1831
1833
1834
935
935
919
919
933
887
1817
885
902
902
902
1831
1833
1834
935
935
919
933
919
1817
887
885
901
902
902
1831
1833
1834
935
935
919
919
933
1817
887
902
885
902
902
1831
1833
1834
935
935
919
919
933
1817
887
885
902
902
902
1831
1833
1834
935
935
919
919
933
887
1817
902
902
902
1831
1834
885
1833
935
935
919
919
933
1817
887
885
901
902
902
1831
1833
1834
935
935
919
933
887
919
1817
885
902
902
902
1831
1833
1834
935
935
919
933
919
1817
887
885
902
902
902
1831
1833
1834
935
935
919
933
919
1817
887
885
902
902
902
1831
1833
1834
935
935
919
919
933
1817
887
902
902
902
1831
1833
1834
885
935
935
919
933
887
919
1817
885
902
902
902
1831
1833
1834
935
935
919
933
887
919
1817
885
901
902
902
1831
1833
1834
935
935
919
933
887
919
1817
885
902
902
902
1831
1833
1834
935
935
919
919
933
987
1817
887
901
902
902
1831
1833
1834
885
935
935
919
933
887
919
1817
885
901
902
902
1831
1833
1834
935
935
919
933
887
919
1817
885
901
902
902
1831
1833
1834
935
935
919
887
919
933
1817
885
901
902
902
1831
1833
1834
935
935
919
919
933
1817
887
885
902
902
902
1831
1833
1834
935
935
919
919
933
1817
887
901
902
902
1831
1833
1834
885
935
935
919
933
919
1817
887
885
902
902
902
1831
1833
1834
935
935
919
933
919
1817
887
901
902
902
1831
1833
1834
885
935
935
919
919
933
1817
887
885
902
902
902
1831
1833
1834
935
935
919
919
933
1817
887
902
902
902
1831
1833
1834
885
935
935
919
919
933
887
1817
885
902
902
902
1831
1833
1834
935
935
919
919
933
1817
887
902
902
902
1831
1834
885
1833
935
935
919
933
887
919
1817
885
902
902
902
1831
1833
1834
935
935
919
919
933
1817
887
885
902
902
902
1831
1833
1834
935
935
919
919
933
887
1817
885
902
902
902
1831
1833
1834
935
935
919
919
933
887
1817
885
902
902
902
1831
1833
1834
935
935
919
919
933
1817
887
902
885
902
902
1831
1833
1834
935
935
919
919
933
1817
887
885
901
902
902
1831
1833
1834
935
935
919
919
933
1817
887
885
901
902
902
1831
1833
1834
935
935
919
919
933
1817
887
885
901
902
902
1831
1833
1834
935
935
919
919
933
1817
887
885
901
902
902
1831
1833
1834
935
935
919
919
933
1817
887
885
902
902
902
1831
1833
1834
935
935
919
933
887
919
1817
902
902
902
1831
1833
1834
885
935
935
919
919
933
1817
887
885
902
902
902
1831
1833
1834
935
935
919
919
933
1817
887
901
902
902
1831
1833
1834
885
935
935
919
933
887
919
1817
885
902
902
902
1831
1833
1834
935
935
919
933
919
1817
887
885
902
902
902
1831
1833
1834
935
935
887
919
919
933
1817
885
902
902
902
1831
1833
1834
935
935
919
919
933
1817
887
885
901
902
902
1831
1833
1834
935
935
919
919
933
1817
887
885
901
902
902
1831
1833
1834
935
935
919
933
919
1817
887
885
902
902
902
1831
1833
1834
935
935
919
919
933
1817
887
885
902
902
902
1831
1833
1834
935
935
919
919
933
1817
887
885
901
902
902
1831
1833
1834
935
935
919
919
933
1817
887
885
901
902
902
1831
1833
1834
935
935
919
919
933
987
1817
887
902
902
902
1831
1833
1834
885
935
935
919
933
919
1817
887
901
902
902
1831
1833
1834
885
935
935
919
919
933
887
1817
885
902
902
902
1831
1833
1834
935
935
919
933
887
919
1817
885
902
902
902
1831
1833
1834
935
935
919
919
933
1817
887
885
902
902
902
1831
1833
1834
935
935
919
919
933
1817
887
885
902
902
902
1831
1833
1834
935
935
919
933
919
1817
887
885
902
902
902
1831
1833
1834
935
935
919
919
933
1817
887
885
902
902
902
1831
1833
1834
935
935
919
933
887
919
1817
885
901
902
902
1831
1833
1834
935
935
887
919
919
933
1817
885
901
902
902
1831
1833
1834
935
935
919
919
933
1817
887
885
902
902
902
1831
1833
1834
935
935
919
933
887
919
1817
885
902
902
902
1831
1833
1834
935
935
919
933
887
919
1817
885
902
902
902
1831
1833
1834
935
935
919
919
933
1817
887
885
902
902
902
1831
1833
1834
935
935
919
919
933
887
1817
885
902
902
902
1831
1833
1834
935
935
919
919
933
1817
887
885
902
902
902
1831
1833
1834
935
935
919
919
933
1817
887
885
901
902
902
1831
1833
1834
935
935
919
933
919
1817
887
885
901
902
902
1831
1833
1834
935
935
919
919
933
1817
887
885
902
902
902
1831
1833
1834
935
935
919
919
933
1817
887
885
902
902
902
1831
1833
1834
935
935
919
919
933
1817
887
901
902
902
1831
1833
1834
885
935
935
919
919
933
1817
887
885
901
902
902
1831
1833
1834
935
935
919
933
919
1817
887
885
901
902
902
1831
1833
1834
935
935
919
933
919
887
1817
885
901
902
902
1831
1833
1834
935
935
919
933
887
919
1817
902
885
901
902
1831
1833
1834
935
935
887
919
919
933
1817
902
885
902
902
1831
1833
1834
935
935
919
919
933
1817
887
885
902
902
902
1831
1833
1834
935
935
919
919
933
1817
987
887
885
902
902
902
1831
1833
1834
935
935
919
933
919
1817
887
902
902
902
1834
885
1831
1833
935
935
919
933
887
919
1817
885
902
902
902
1831
1833
1834
935
935
919
887
919
933
1817
885
901
902
902
1831
1833
1834
935
935
919
933
919
1817
887
885
901
902
902
1831
1833
1834
935
935
919
919
933
887
1817
885
902
902
902
1831
1833
1834
935
935
919
933
919
1817
887
885
901
902
902
1831
1833
1834
935
935
919
919
933
1817
887
885
902
902
902
1831
1833
1834
935
935
919
919
933
1817
887
902
885
902
902
1831
1833
1834
935
935
887
919
919
933
1817
885
902
902
902
1831
1833
1834
935
935
919
933
887
919
1817
902
902
902
885
1831
1833
1834
935
935
919
919
933
1817
887
885
901
902
902
1831
1833
1834
935
935
919
919
933
1817
887
885
902
902
902
1831
1833
1834
935
935
919
933
887
919
1817
885
902
902
902
1831
1833
1834
935
935
919
933
887
919
1817
885
902
902
902
1831
1833
1834
935
935
919
933
887
919
1817
885
902
902
902
1831
1833
1834
935
935
919
919
933
1817
887
885
902
902
902
1831
1833
1834
935
935
919
919
933
887
1817
885
901
902
902
1831
1833
1834
935
935
887
919
919
933
1817
885
902
902
902
1831
1833
1834
935
935
919
933
887
919
1817
885
902
902
902
1831
1833
1834
935
935
919
933
887
919
1817
885
901
902
902
1831
1833
1834
935
935
919
919
933
887
1817
885
902
902
902
1831
1833
1834
935
935
919
919
933
1817
887
885
902
902
902
1831
1833
1834
935
935
919
933
887
919
1817
901
902
902
1831
1833
1834
885
935
935
919
933
919
1817
887
885
902
902
902
1831
1833
1834
935
935
919
933
919
1817
887
902
902
902
1831
1833
1834
885
935
935
919
887
919
933
1817
885
901
902
902
1831
1833
1834
935
935
919
887
919
933
1817
885
902
902
902
1831
1833
1834
935
935
919
933
887
919
1817
885
902
902
902
1831
1833
1834
935
935
919
933
887
919
1817
885
901
902
902
1831
1833
1834
935
935
919
933
887
919
1817
902
902
902
1831
1834
885
1833
935
935
919
933
887
919
1817
885
902
902
902
1831
1833
1834
935
935
919
919
933
1817
887
885
902
902
902
1831
1833
1834
935
935
919
919
933
1817
887
902
902
902
1834
885
1831
1833
935
935
919
919
933
1817
887
902
885
902
902
1831
1833
1834
935
935
919
919
933
887
1817
902
902
902
1831
1834
885
1833
935
935
919
919
933
1817
887
885
902
902
902
1831
1833
1834
935
935
887
919
919
933
1817
885
902
902
902
1831
1833
1834
935
935
919
933
887
919
1817
885
902
902
902
1831
1833
1834
935
935
919
933
887
919
1817
885
902
902
902
1831
1833
1834
935
935
919
919
933
1817
887
885
902
902
902
1831
1833
1834
935
935
919
919
933
887
1817
902
902
885
901
1831
1833
1834
935
935
919
933
919
1817
887
885
901
902
902
1831
1833
1834
935
935
919
919
933
1817
887
885
901
902
902
1831
1833
1834
935
935
919
919
933
1817
887
885
902
902
902
1831
1833
1834
935
935
919
919
933
887
1817
902
902
902
1831
1833
1834
885
935
935
919
919
933
1817
887
901
902
902
1831
1833
1834
885
935
935
887
919
919
933
1817
885
902
902
902
1831
1833
1834
935
935
919
887
919
933
1817
885
901
902
902
1831
1833
1834
935
935
919
919
933
1817
887
885
901
902
902
1831
1833
1834
935
935
887
919
919
933
1817
885
902
902
902
1831
1833
1834
935
935
919
933
919
1817
887
902
885
902
902
1831
1833
1834
935
935
919
919
933
1817
887
901
902
902
1831
1834
885
1833
935
935
887
919
919
933
1817
902
902
902
902
885
902
902
902
1831
1833
1834
935
935
919
933
887
919
1817
885
902
902
902
1831
1833
1834
935
935
887
919
919
933
1817
885
902
902
902
1831
1833
1834
935
935
919
919
933
1817
887
885
902
902
902
1831
1833
1834
935
935
919
919
933
1817
887
902
902
902
885
1831
1833
1834
935
935
919
919
933
1817
887
885
902
902
902
1831
1833
1834
935
935
919
919
933
1817
887
885
901
902
902
1831
1833
1834
935
935
919
933
887
919
1817
885
902
902
902
1831
1833
1834
935
935
919
933
887
919
1817
885
902
902
902
1831
1833
1834
935
935
919
933
919
987
1817
920
920
935
935
927
934
927
934
887
885
902
902
935
935
935
919
933
919
1817
919
1817
887
885
902
902
935
935
935
919
919
1817
919
933
1817
887
902
885
902
935
935
935
919
933
919
1817
887
919
1817
885
902
902
935
935
935
919
933
919
1817
919
1817
887
885
902
902
935
935
935
919
919
933
1817
887
919
1817
885
902
902
935
935
935
919
919
933
1817
887
919
1817
885
902
902
935
935
935
919
933
919
1817
919
1817
887
902
885
902
935
935
935
919
919
933
1817
919
1817
887
885
902
902
935
935
935
919
919
919
933
1817
1817
887
885
902
902
935
935
935
919
919
933
1817
887
919
1817
885
902
902
935
935
935
919
919
919
933
1817
1817
887
885
902
902
935
935
935
919
933
919
919
1817
1817
887
885
902
902
935
935
935
919
933
919
919
1817
1817
887
885
902
902
935
935
935
919
919
933
1817
887
919
1817
885
902
902
935
935
935
919
919
919
933
1817
887
1817
885
902
902
935
935
935
919
919
933
1817
919
1817
887
885
902
902
935
935
935
919
919
919
933
1817
1817
887
885
902
902
935
935
935
919
919
933
887
919
1817
1817
885
902
902
935
935
935
919
919
919
933
1817
1817
887
885
902
902
935
935
935
919
919
933
1817
887
919
1817
885
902
902
935
935
935
919
919
919
933
1817
1817
887
885
902
902
935
935
935
919
919
933
1817
887
919
1817
885
902
902
935
935
935
919
933
887
919
919
1817
1817
885
902
902
935
935
935
919
919
933
1817
887
919
1817
885
902
902
935
935
935
919
933
887
919
919
1817
1817
902
902
885
935
935
935
919
933
919
1817
887
919
1817
885
902
902
935
935
935
919
919
919
933
1817
1817
887
902
885
902
935
935
935
919
933
919
1817
919
1817
887
885
902
902
935
935
935
919
933
919
1817
887
919
1817
885
902
902
935
935
935
919
919
919
933
1817
1817
887
885
902
902
935
935
935
919
933
919
1817
887
919
1817
885
902
902
935
935
935
919
933
919
919
1817
1817
887
902
902
885
935
935
935
919
933
919
919
1817
887
1817
885
902
902
935
935
935
919
933
919
1817
919
1817
887
885
902
902
935
935
935
919
919
933
1817
919
1817
887
902
902
885
935
935
935
919
919
919
933
1817
887
1817
902
902
885
935
935
935
919
919
933
887
919
1817
1817
885
902
902
935
935
935
919
919
933
1817
887
919
1817
885
902
902
935
935
935
919
933
919
1817
919
1817
887
885
902
902
935
935
935
919
919
933
887
919
1817
1817
902
902
885
935
935
935
919
919
933
1817
887
919
1817
902
902
885
935
935
935
919
919
933
919
1817
1817
887
885
902
902
935
935
935
919
933
919
919
1817
1817
887
885
902
902
935
935
935
919
919
933
1817
887
919
1817
885
902
902
935
935
935
919
933
919
1817
887
919
1817
885
902
902
935
935
935
919
933
919
919
1817
1817
887
885
902
902
935
935
935
919
933
919
919
1817
1817
887
885
902
902
935
935
935
919
919
933
1817
887
919
1817
885
902
902
935
935
935
919
933
919
919
1817
1817
887
902
902
885
935
935
935
919
933
887
919
919
1817
1817
885
902
902
935
935
935
919
933
919
919
1817
1817
887
902
902
885
935
935
935
919
933
919
1817
887
919
1817
885
902
902
935
935
935
919
933
919
919
1817
1817
887
885
902
902
935
935
935
919
919
933
1817
887
919
1817
885
902
902
935
935
935
919
933
919
919
1817
1817
887
902
885
902
935
935
935
919
933
919
919
1817
887
1817
902
902
885
935
935
935
919
919
919
933
1817
1817
887
902
885
902
935
935
935
919
933
919
1817
887
919
1817
885
902
902
935
935
935
919
933
919
919
1817
1817
887
885
902
902
935
935
935
919
933
919
919
1817
1817
887
885
902
902
935
935
935
919
919
933
1817
887
919
1817
885
902
902
935
935
935
919
919
933
1817
887
919
1817
885
902
902
935
935
935
919
919
933
887
919
1817
1817
885
902
902
935
935
935
919
933
919
1817
887
919
1817
885
902
902
935
935
935
919
933
919
919
1817
887
1817
885
902
902
935
935
935
919
919
933
1817
919
887
1817
885
902
902
935
935
935
919
933
919
919
1817
1817
887
885
902
902
935
935
935
919
933
919
919
1817
1817
887
885
902
902
935
935
935
919
933
919
919
1817
1817
887
885
902
902
935
935
935
919
933
919
1817
887
919
1817
885
902
902
935
935
935
919
933
919
1817
887
919
1817
885
902
902
935
935
935
919
933
887
919
919
1817
1817
885
902
902
935
935
935
919
933
919
1817
887
919
1817
885
902
902
935
935
935
919
933
919
919
1817
1817
887
885
902
902
935
935
935
919
919
933
1817
887
919
1817
885
902
902
935
935
935
919
933
919
919
1817
887
1817
885
902
902
935
935
935
919
933
919
919
1817
1817
887
902
902
885
935
935
935
919
919
933
1817
887
919
1817
885
902
902
935
935
935
919
933
919
919
1817
1817
887
885
902
902
935
935
935
919
919
933
1817
887
919
1817
885
902
902
935
935
935
919
919
933
1817
887
919
1817
885
902
902
935
935
935
919
919
933
887
919
1817
1817
885
902
902
935
935
935
919
919
919
933
1817
887
1817
885
902
902
935
935
935
919
919
933
1817
919
1817
887
885
902
902
935
935
935
919
919
933
1817
887
919
1817
885
902
902
935
935
935
919
919
933
1817
887
919
1817
885
902
902
935
935
935
919
933
919
1817
887
919
1817
885
902
902
935
935
935
919
919
933
1817
887
919
1817
885
902
902
935
935
935
919
933
919
919
1817
1817
887
902
902
885
935
935
935
919
919
933
887
919
1817
1817
885
902
902
935
935
935
919
933
919
919
1817
887
1817
885
902
902
935
935
935
919
919
933
1817
887
919
1817
885
902
902
935
935
935
919
933
919
919
1817
887
1817
885
902
902
935
935
935
919
919
933
1817
919
1817
887
885
902
902
935
935
935
919
919
933
1817
887
919
1817
885
902
902
935
935
935
919
919
933
1817
887
919
1817
885
902
902
935
935
935
919
933
919
919
1817
1817
887
885
902
902
935
935
935
919
919
933
919
1817
1817
887
885
902
902
935
935
935
919
919
933
887
919
1817
1817
885
902
902
935
935
935
919
919
933
1817
919
1817
887
885
902
902
935
935
935
919
933
919
919
1817
1817
887
885
902
902
935
935
935
919
933
919
919
1817
1817
887
885
902
902
935
935
935
919
933
919
1817
887
919
1817
885
902
902
935
935
935
919
933
919
919
1817
1817
887
885
902
902
935
935
935
919
919
919
933
1817
1817
887
902
885
902
935
935
935
919
933
919
919
1817
1817
887
885
902
902
935
935
935
919
933
919
919
1817
1817
887
885
902
902
935
935
935
919
919
933
1817
887
919
1817
902
902
885
935
935
935
919
919
933
1817
887
919
1817
885
902
902
935
935
935
919
919
933
887
919
1817
1817
885
902
902
935
935
935
919
933
919
1817
919
1817
887
902
885
902
935
935
935
919
919
933
919
1817
1817
887
885
902
902
935
935
935
919
933
887
919
919
1817
1817
885
902
902
935
935
935
919
933
919
1817
887
919
1817
885
902
902
935
935
935
919
933
919
919
1817
1817
887
885
902
902
935
935
935
919
933
919
1817
887
919
1817
885
902
902
935
935
935
919
919
933
1817
887
919
1817
885
902
902
935
935
935
919
933
919
919
1817
1817
887
885
902
902
935
935
935
919
933
919
919
1817
887
1817
885
902
902
935
935
935
919
933
919
919
1817
1817
887
885
902
902
935
935
935
919
933
919
919
1817
1817
887
885
902
902
935
935
935
919
919
933
1817
919
887
1817
885
902
902
935
935
935
919
933
887
919
919
1817
1817
885
902
902
935
935
935
919
919
919
933
1817
1817
887
885
902
902
935
935
935
919
933
919
919
1817
1817
887
885
902
902
935
935
935
919
919
933
1817
887
919
1817
885
902
902
935
935
935
919
919
919
933
1817
1817
887
885
902
902
935
935
935
919
933
919
919
1817
1817
887
885
902
902
935
935
935
919
933
919
919
1817
1817
887
885
902
902
935
935
935
919
919
933
1817
919
887
1817
885
902
902
935
935
935
919
919
919
933
1817
887
1817
885
902
902
935
935
935
919
933
887
919
919
1817
1817
885
902
902
935
935
935
919
933
919
919
1817
1817
887
885
902
902
935
935
935
919
919
919
933
1817
1817
887
885
902
902
935
935
935
919
919
933
1817
919
1817
887
885
902
902
935
935
935
919
919
933
1817
887
919
1817
885
902
902
935
935
935
919
919
933
1817
887
919
1817
885
902
902
935
935
935
919
919
919
933
1817
887
1817
885
902
902
935
935
935
919
919
933
1817
887
919
1817
885
902
902
935
935
935
919
933
919
919
1817
1817
887
885
902
902
935
935
935
919
933
919
1817
919
1817
887
885
902
902
935
935
935
919
933
919
1817
919
1817
887
885
902
902
935
935
935
919
919
919
933
1817
887
1817
885
902
902
935
935
935
919
919
919
933
1817
1817
887
885
902
902
935
935
935
919
919
933
1817
887
919
1817
885
902
902
935
935
935
919
933
919
1817
887
919
1817
902
885
902
935
935
935
919
919
933
1817
919
1817
887
885
902
902
935
935
935
919
933
919
919
1817
887
1817
885
902
902
935
935
935
919
933
919
1817
919
1817
887
885
902
902
935
935
935
919
933
919
1817
919
1817
887
885
902
902
935
935
935
919
933
919
919
1817
1817
887
885
902
902
935
935
935
919
919
933
1817
919
887
1817
885
902
902
935
935
935
919
933
919
1817
887
919
1817
885
902
902
935
935
935
919
933
919
1817
887
919
1817
885
902
902
935
935
935
919
933
919
1817
887
919
1817
902
885
902
935
935
935
919
933
919
1817
887
919
1817
885
902
902
935
935
935
919
933
919
1817
887
919
1817
885
902
902
935
935
935
919
933
887
919
919
1817
1817
885
902
902
935
935
935
919
933
919
919
1817
1817
887
902
902
885
935
935
935
919
933
919
1817
919
1817
887
902
902
885
935
935
935
919
933
919
1817
887
919
1817
885
902
902
935
935
935
919
933
919
1817
919
1817
887
885
902
902
935
935
935
919
919
933
1817
919
887
1817
902
885
902
935
935
935
919
933
919
1817
887
919
1817
902
902
885
935
935
935
919
919
933
919
1817
1817
887
885
902
902
935
935
935
919
933
919
1817
919
1817
887
885
902
902
935
935
935
919
933
919
1817
919
1817
887
885
902
902
935
935
935
919
933
919
919
1817
1817
887
885
902
902
935
935
935
919
919
933
1817
919
887
1817
902
885
902
935
935
935
919
933
919
1817
919
1817
887
885
902
902
935
935
935
919
933
919
919
1817
887
1817
885
902
902
935
935
935
919
933
919
1817
919
1817
887
902
902
885
935
935
935
919
933
919
919
1817
1817
887
885
902
902
935
935
935
919
933
919
1817
919
1817
887
885
902
902
935
935
935
919
933
919
1817
919
1817
887
885
902
902
935
935
935
919
933
919
1817
919
1817
887
885
902
902
935
935
935
919
919
933
1817
887
919
1817
885
902
902
935
935
935
919
919
933
887
919
1817
1817
885
902
902
935
935
935
919
933
919
919
1817
1817
887
885
902
902
935
935
935
919
919
933
1817
887
919
1817
885
902
902
935
935
935
919
933
887
919
919
1817
1817
885
902
902
935
935
935
919
919
933
1817
887
919
1817
885
902
902
935
935
935
919
919
933
1817
887
919
1817
885
902
902
935
935
935
919
919
919
933
1817
1817
887
885
902
902
935
935
935
919
919
933
919
1817
887
1817
885
902
902
935
935
935
919
933
919
919
1817
1817
887
885
902
902
935
935
935
919
933
887
919
919
1817
1817
885
902
902
935
935
935
920
919
919
919
920
933
1817
887
1817
885
902
902
935
935
935
935
935
919
919
933
1817
887
919
1817
927
934
885
902
902
927
934
935
935
935
919
919
933
1817
887
919
1817
885
902
902
935
935
935
919
919
933
887
919
1817
1817
902
885
902
935
935
935
919
919
919
933
1817
887
1817
885
902
902
935
935
935
919
933
919
919
1817
1817
887
885
902
902
935
935
935
919
919
933
1817
887
919
1817
885
902
902
935
935
935
919
919
919
933
1817
1817
887
885
902
902
935
935
935
919
919
933
1817
887
919
1817
885
902
902
935
935
935
919
919
933
887
919
1817
1817
885
902
902
935
935
935
919
933
887
919
919
1817
1817
885
902
902
935
935
935
919
919
933
1817
887
919
1817
885
902
902
935
935
935
919
919
933
1817
919
1817
887
902
885
902
935
935
935
919
919
933
1817
887
919
1817
885
902
902
935
935
935
919
933
887
919
919
1817
1817
885
902
902
935
935
935
902
902
902
902
919
919
933
919
1817
1817
887
885
902
902
935
935
935
919
919
919
933
1817
1817
887
885
902
902
935
935
935
919
919
933
1817
887
919
1817
885
902
902
935
935
935
919
933
919
1817
887
919
1817
902
902
885
935
935
935
919
919
933
1817
887
919
1817
902
885
902
935
935
935
919
919
933
887
919
1817
1817
885
902
902
935
935
935
919
933
919
1817
887
919
1817
885
902
902
935
935
935
919
919
933
1817
887
919
1817
902
902
885
935
935
935
919
919
933
919
1817
1817
887
885
902
902
935
935
935
919
919
933
1817
887
919
1817
885
902
902
935
935
935
919
919
933
1817
887
919
1817
885
902
902
935
935
935
919
933
919
1817
919
1817
887
885
902
902
935
935
935
919
919
933
1817
919
1817
887
885
902
902
935
935
935
919
933
919
1817
887
919
1817
885
902
902
935
935
935
919
919
933
887
919
1817
1817
885
902
902
935
935
935
919
933
887
919
919
1817
1817
885
902
902
935
920
920
935
935
927
935
927
934
935
934
919
919
933
1817
887
919
1817
885
902
902
902
1831
1833
1834
935
935
919
919
933
1817
887
885
902
902
902
1831
1833
1834
935
935
919
919
933
1817
887
885
901
902
902
1831
1833
1834
935
919
933
935
919
1817
887
885
902
902
902
1831
1833
1834
935
935
919
919
933
1817
887
885
902
902
902
1831
1833
1834
935
935
919
933
887
919
1817
885
902
902
902
1831
1833
1834
935
935
887
919
919
933
1817
885
902
902
902
1831
1833
1834
935
935
919
933
887
919
1817
902
885
902
902
1831
1833
1834
935
935
887
919
919
933
1817
885
902
902
902
1831
1833
1834
935
935
919
933
887
919
1817
885
901
902
902
1831
1833
1834
935
935
919
919
933
887
1817
885
902
902
902
1831
1833
1834
935
935
887
919
919
933
1817
885
901
902
902
1831
1833
1834
935
935
919
887
919
933
1817
885
901
902
902
1831
1833
1834
935
935
919
919
933
1817
887
885
902
902
902
1831
1833
1834
935
919
933
935
887
919
1817
885
902
902
902
1831
1833
1834
935
935
887
919
919
933
1817
885
901
902
902
1831
1833
1834
935
935
919
919
933
1817
887
885
902
902
902
1831
1833
1834
935
935
919
887
919
933
1817
885
902
902
902
1831
1833
1834
935
935
919
933
887
919
1817
885
902
902
902
1831
1833
1834
935
935
919
933
887
919
1817
885
902
902
902
1831
1833
1834
935
935
887
919
919
933
1817
885
902
902
902
1831
1833
1834
935
935
919
933
887
919
1817
885
902
902
902
1831
1833
1834
935
935
887
919
919
933
1817
885
902
902
902
1831
1833
1834
935
935
919
887
919
933
1817
885
901
902
902
1831
1833
1834
935
935
887
919
919
933
1817
885
902
902
902
1831
1833
1834
935
919
935
887
919
933
1817
885
902
902
902
1831
1833
1834
935
935
919
919
933
1817
887
885
902
902
902
1831
1833
1834
935
935
887
919
919
933
1817
885
902
902
902
1831
1833
1834
935
935
887
919
919
933
1817
901
902
902
1831
1833
1834
885
935
935
919
887
919
933
1817
920
920
927
935
927
934
935
934
902
902
902
902
920
920
935
935
927
927
934
934
920
920
927
935
927
934
934
935
902
902
902
902
920
920
927
927
935
935
934
934
920
920
927
927
935
934
934
935
902
902
902
902
920
920
927
927
935
935
934
934
920
920
935
935
927
927
934
934
902
902
902
902
920
920
935
935
927
927
934
934
920
920
927
927
934
935
935
934
902
902
902
902
920
920
927
927
935
935
934
934
920
920
927
935
934
927
935
934
902
902
902
902
920
920
927
927
935
934
935
934
920
920
927
927
935
935
934
934
902
902
902
902
920
920
935
935
927
927
934
934
0
232
182
184
186
188
190
181
212
192
226
227
228
231
1859
194
193
213
221
219
217
218
220
69
85
86
82
68
68
68
68
68
68
68
68
87
93
83
92
74
84
71
109
111
113
114
103
103
103
103
116
223
1052
215
245
246
172
167
222
166
157
164
161
160
159
171
288
160
1152
159
171
69
75
83
84
85
86
92
150
150
150
151
126
156
167
230
152
71
881
1338
250
251
253
252
254
255
1553
157
164
166
160
161
159
171
1806
1805
79
77
78
170
233
234
920
920
935
935
927
927
934
934
902
902
902
902
920
920
935
935
927
927
934
934
920
920
935
927
934
927
934
935
902
902
902
902
920
920
935
927
927
934
934
935
920
920
935
927
927
934
934
935
902
902
902
902
920
920
927
935
927
934
934
935
997
973
974
974
975
1001
976
863
866
1016
851
864
866
1016
851
864
858
859
857
854
860
862
852
855
856
853
985
983
861
861
865
867
1003
1822
920
920
927
927
935
935
934
934
902
902
902
902
920
920
927
927
934
935
935
934
920
920
935
927
927
934
935
934
902
902
902
902
920
920
927
927
935
935
934
934
920
920
927
927
935
935
934
934
902
902
902
902
920
920
927
935
927
934
934
935
920
920
935
927
934
927
935
934
902
902
902
902
920
920
935
935
927
934
927
934
