-1
386
850
871
872
873
846
851
884
481
482
1317
1341
859
862
860
860
860
860
860
860
864
863
1313
1314
1315
1316
1341
385
385
385
385
385
1339
1340
800
827
824
838
826
-1
814
814
-1
745
881
881
881
505
506
495
496
877
878
-1
-1
494
490
490
490
498
498
498
490
490
490
490
490
796
796
796
796
877
878
-1
-1
795
795
795
845
856
857
877
878
-1
-1
858
858
858
834
835
877
878
-1
-1
511
806
807
841
809
810
808
805
812
804
828
825
844
847
849
865
870
833
843
503
493
497
486
487
489
867
869
488
490
490
490
490
490
848
797
837
799
502
-1
386
-1
386
-1
386
777
871
872
873
777
777
745
746
754
745
767
871
760
750
759
871
1317
872
873
872
873
1341
859
862
860
860
860
863
1313
1314
1315
1316
385
385
745
745
746
754
745
767
746
745
754
767
760
750
759
385
760
750
759
385
385
1317
1317
1338
794
770
387
1341
859
884
1341
862
860
860
860
859
862
860
865
860
860
870
863
1313
863
1313
1314
1315
1316
1314
1315
1316
385
385
385
385
760
385
385
385
764
385
766
385
385
753
867
869
1338
1338
794
794
884
770
770
387
387
884
865
865
870
870
749
744
511
-1
510
507
512
508
509
765
757
788
781
782
760
793
786
783
787
760
1337
764
766
764
789
792
778
784
790
791
777
766
867
753
869
776
753
775
773
1335
771
-1
867
751
869
749
744
484
501
874
511
749
-1
510
744
752
756
511
-1
510
507
512
508
509
765
757
507
512
508
788
509
765
757
504
788
388
389
781
782
768
793
758
786
781
782
793
786
783
787
783
787
1337
1337
789
792
789
792
778
784
790
777
791
778
784
777
790
791
776
775
773
776
1335
771
775
-1
773
771
1335
-1
751
751
484
501
874
752
756
484
501
874
752
756
504
504
388
389
758
768
388
389
758
768
-1
386
871
873
872
800
511
827
838
824
826
-1
814
814
-1
745
881
881
881
505
506
495
496
878
-1
877
-1
494
490
498
490
490
490
490
490
490
490
498
498
796
796
796
796
877
878
-1
-1
795
795
795
845
856
857
877
878
-1
-1
858
858
858
-1
-1
481
482
1317
1341
859
862
860
860
860
860
860
860
863
1313
1314
1315
1316
1341
385
385
385
854
385
385
-1
386
1009
480
479
1090
480
912
903
1084
1086
1079
906
901
1012
910
907
908
909
871
872
873
916
902
904
1009
1042
1077
881
881
881
882
480
1049
1049
1069
1067
1060
1060
1065
1016
1061
1070
1058
1078
479
986
989
1319
1011
1317
1341
859
862
860
860
860
860
860
860
1091
863
1313
1314
1315
1316
1341
876
875
876
385
385
385
385
1092
385
865
870
867
911
869
1010
875
876
876
1019
1019
1020
1085
1087
1088
1088
888
913
914
915
905
1077
865
870
867
911
869
884
865
870
911
867
869
865
870
911
867
869
-1
386
-1
386
-1
386
1089
1010
1018
979
978
980
978
979
980
978
979
980
893
892
895
891
894
899
900
983
889
890
871
873
872
982
925
925
893
892
895
891
894
899
900
983
-1
898
897
933
962
889
890
893
892
895
891
894
899
900
983
896
958
889
976
977
890
479
1090
969
970
971
967
972
975
967
937
479
1090
871
929
871
927
865
872
873
982
925
870
872
873
925
982
911
867
869
925
984
865
870
925
911
-1
867
869
960
898
897
933
934
935
962
1353
985
896
1317
-1
958
898
976
977
897
933
962
479
1090
896
969
970
971
967
972
975
967
937
479
1090
929
927
958
976
977
479
1090
969
970
971
967
972
975
967
937
479
1090
929
927
1341
859
865
862
860
860
860
860
860
860
865
870
870
911
867
869
984
867
911
865
870
869
867
869
911
960
984
934
935
1353
865
870
985
867
869
911
960
934
935
1353
985
1317
1317
1341
1341
859
1091
863
1313
859
862
860
860
860
862
860
860
860
860
860
860
860
860
860
1314
1315
1316
1341
385
385
863
1091
1313
1091
863
1313
1314
1315
1316
1314
1315
1341
1316
385
385
1341
385
385
385
385
385
1092
928
885
884
385
1092
385
385
928
885
884
1048
385
1092
385
385
1013
928
384
1053
884
930
384
885
1013
1048
1053
930
384
384
1013
1048
1053
930
384
384
500
500
483
763
763
763
747
761
747
1318
747
1318
-1
485
500
500
483
763
763
763
747
761
747
1318
747
1318
485
500
483
500
763
763
763
747
761
747
1318
747
1318
485
483
500
500
763
763
763
747
747
761
747
1318
1318
485
483
500
500
763
763
763
747
761
747
1318
747
1318
485
500
483
500
763
763
763
747
761
747
1318
747
1318
485
483
500
500
763
763
763
747
761
747
1318
747
1318
485
500
483
500
763
763
763
747
761
747
1318
747
1318
485
483
500
500
763
763
763
747
761
747
1318
747
1318
485
500
500
483
763
763
763
747
761
747
1318
747
1318
485
483
500
500
763
763
763
747
761
747
1318
747
1318
485
500
500
483
763
763
763
747
761
747
1318
747
1318
485
483
500
500
763
763
763
747
761
747
1318
747
1318
485
483
500
500
763
763
763
747
761
747
1318
747
1318
485
483
500
500
763
763
763
747
747
761
1318
747
1318
485
500
500
483
763
763
763
747
761
747
1318
747
1318
485
483
500
500
763
763
763
747
761
747
1318
747
1318
485
483
500
500
763
763
763
747
761
747
1318
747
1318
485
483
500
500
763
763
763
747
761
747
1318
747
1318
485
483
500
500
763
763
763
747
761
747
1318
747
1318
485
500
500
483
763
763
763
747
761
747
1318
747
1318
485
500
500
483
763
763
763
747
761
747
747
1318
1318
485
483
500
500
763
763
763
747
761
747
747
1318
1318
485
500
500
483
763
763
763
747
761
747
1318
747
1318
485
500
483
500
763
763
763
747
761
747
1318
747
1318
485
500
483
500
763
763
763
747
761
747
1318
747
1318
485
500
483
500
763
763
763
747
761
747
1318
747
1318
485
483
500
500
763
763
763
747
761
747
747
1318
1318
485
483
500
500
763
763
763
747
761
747
1318
747
1318
485
500
500
483
763
763
763
747
761
747
1318
747
1318
485
500
500
483
763
763
763
747
747
761
747
1318
1318
485
483
500
500
763
763
763
747
761
747
1318
747
1318
485
483
500
500
763
763
763
747
761
747
1318
747
1318
485
483
500
500
763
763
763
747
761
747
1318
747
485
1318
483
500
500
763
763
763
747
761
747
1318
747
1318
485
483
500
500
763
763
763
747
761
747
1318
747
1318
485
483
500
500
763
763
763
747
761
747
1318
747
1318
485
500
483
500
763
763
763
747
761
747
747
1318
1318
485
500
483
500
500
1331
-1
1334
763
763
747
761
747
1318
485
483
500
500
500
1331
-1
1334
763
763
747
761
747
1318
485
483
500
500
500
1331
-1
1334
763
763
747
761
747
1318
485
500
500
500
1331
-1
1334
483
763
763
747
761
747
1318
485
483
499
500
500
1331
-1
1334
763
763
747
761
747
1318
485
499
500
500
1331
-1
1334
483
763
763
747
761
747
1318
485
500
483
500
500
1331
-1
1334
763
763
747
747
761
1318
485
483
500
500
500
1331
-1
1334
763
763
747
761
485
747
1318
483
500
500
500
1331
-1
1334
763
763
747
761
747
1318
485
500
483
499
500
1331
-1
1334
763
763
747
747
761
1318
485
483
500
500
500
1331
-1
1334
763
763
747
761
485
747
1318
500
500
483
500
1331
-1
1334
763
763
747
747
761
1318
485
500
483
500
500
1331
-1
1334
763
763
747
761
485
747
1318
483
500
500
500
1331
-1
1334
763
763
747
761
485
747
1318
483
499
500
500
1331
-1
1334
763
763
747
747
761
1318
485
483
500
500
500
1331
-1
1334
763
763
747
747
761
1318
485
483
500
500
500
1331
-1
1334
763
763
747
747
761
485
1318
500
500
483
499
1331
-1
1334
763
763
747
747
761
1318
485
483
500
500
500
1331
-1
1334
763
763
747
761
485
747
1318
499
500
500
1331
-1
1334
483
763
763
747
761
485
747
1318
483
500
500
500
1331
-1
1334
763
763
747
761
747
1318
485
483
500
500
500
1331
-1
1334
763
763
747
747
761
1318
485
483
499
500
500
1331
-1
1334
763
763
747
747
761
485
1318
483
500
500
500
1331
-1
1334
763
763
747
761
747
1318
485
483
500
500
500
1331
-1
1334
763
763
747
761
747
1318
485
483
499
500
500
1331
-1
1334
763
763
747
761
747
1318
485
483
499
500
500
1331
-1
1334
763
763
747
761
747
1318
485
483
500
500
500
1331
-1
1334
763
763
747
747
761
1318
485
500
483
500
500
1331
-1
1334
763
763
747
761
485
747
1318
483
499
500
500
1331
-1
1334
763
763
747
747
761
485
1318
483
499
500
500
1331
-1
1334
763
763
747
761
747
1318
485
499
500
500
1331
-1
1334
483
763
763
747
747
761
485
1318
483
500
500
500
1331
-1
1334
763
763
747
761
485
747
1318
483
500
500
500
1331
-1
1334
763
763
747
747
761
1318
485
500
483
500
500
1331
-1
1334
763
763
747
747
761
485
1318
500
500
500
1334
483
1331
-1
763
763
747
761
485
747
1318
483
500
500
500
1331
-1
1334
763
763
747
747
761
1318
485
483
500
500
500
1331
-1
1334
763
763
747
747
761
485
1318
500
483
499
500
1331
-1
1334
763
763
747
761
747
1318
485
483
500
500
500
1331
-1
1334
763
763
747
747
761
1318
485
483
500
500
500
1331
-1
1334
763
763
747
747
761
1318
485
483
499
500
500
1331
-1
1334
763
763
747
761
485
747
1318
500
500
483
500
1331
-1
1334
763
763
747
747
761
1318
485
483
500
500
500
1331
-1
1334
763
763
747
761
485
747
1318
483
500
500
500
1331
-1
1334
763
763
747
761
747
1318
485
483
500
500
500
1331
-1
1334
763
763
747
747
761
1318
485
483
500
500
500
1331
-1
1334
763
763
747
747
761
1318
485
483
500
500
500
1331
-1
1334
763
763
747
747
761
1318
485
483
499
500
500
1331
-1
1334
763
763
747
747
761
1318
485
483
500
500
500
1331
-1
1334
763
763
747
747
761
1318
485
483
500
500
500
1331
-1
1334
763
763
747
761
485
747
1318
483
500
500
500
1331
-1
1334
763
763
747
747
761
1318
485
483
499
500
500
1331
-1
1334
763
763
747
761
747
1318
485
483
499
500
500
1331
-1
1334
763
763
747
747
761
1318
485
483
500
500
500
1331
-1
1334
763
763
747
761
747
1318
485
483
500
500
500
1331
-1
1334
763
763
747
747
761
1318
485
500
500
500
1331
-1
1334
483
763
763
747
761
485
747
1318
483
500
500
500
1331
-1
1334
763
763
747
761
485
747
1318
483
499
500
500
1331
-1
1334
763
763
747
747
761
485
1318
483
500
500
500
1331
-1
1334
763
763
747
747
761
1318
485
500
500
500
483
1331
-1
1334
763
763
747
747
761
1318
485
483
500
500
500
1331
-1
1334
763
763
747
747
761
1318
485
500
500
500
1334
483
1331
-1
763
763
747
747
761
1318
485
483
500
500
500
1331
-1
1334
763
763
747
747
761
485
1318
500
500
500
1334
483
1331
-1
763
763
747
747
761
485
1318
499
500
500
1331
-1
1334
483
763
763
747
747
761
1318
485
483
499
500
500
1331
-1
1334
763
763
747
761
747
1318
485
483
499
500
500
1331
-1
1334
763
763
747
761
747
1318
485
483
500
500
500
1331
-1
1334
763
763
747
747
761
1318
485
483
499
500
500
1331
-1
1334
763
763
747
747
761
1318
485
483
500
500
500
1331
-1
1334
763
763
747
747
761
1318
485
483
499
500
500
1331
-1
1334
763
763
747
747
761
1318
485
499
500
500
1331
-1
1334
483
763
763
747
761
485
747
1318
483
500
500
500
1331
-1
1334
763
763
747
747
761
1318
485
483
500
500
500
1331
-1
1334
763
763
747
747
761
485
1318
500
500
500
1331
-1
1334
483
763
763
747
761
747
1318
485
483
500
500
500
1331
-1
1334
763
763
747
761
747
1318
485
483
500
500
500
1331
-1
1334
763
763
747
761
747
1318
485
483
500
500
500
1331
-1
1334
763
763
747
747
761
485
1318
483
499
500
500
1331
-1
1334
763
763
747
761
747
1318
485
483
500
500
500
1331
-1
1334
763
763
747
761
485
747
1318
500
500
483
500
1331
-1
1334
763
763
747
747
761
1318
485
483
499
500
500
1331
-1
1334
763
763
747
761
485
747
1318
500
500
500
1331
-1
1334
483
763
763
747
747
761
1318
485
483
500
500
500
1331
-1
1334
763
763
747
747
761
1318
485
483
499
500
500
1331
-1
1334
763
763
747
747
761
1318
485
483
499
500
500
1331
-1
1334
763
763
747
761
485
747
1318
483
499
500
500
1331
-1
1334
763
763
747
747
761
485
1318
483
500
500
500
1331
-1
1334
763
763
747
761
485
747
1318
500
500
483
500
1331
-1
1334
763
763
747
747
761
1318
485
483
500
500
500
1331
-1
1334
763
763
747
761
485
747
1318
483
499
500
500
1331
-1
1334
763
763
747
747
761
1318
-1
485
483
500
500
500
1331
-1
1334
763
763
747
761
485
747
1318
483
500
500
500
1331
-1
1334
763
763
747
747
761
1318
485
483
500
500
500
1331
-1
1334
763
763
747
761
747
1318
485
483
499
500
500
1331
-1
1334
763
763
747
761
747
1318
485
483
500
500
500
1331
-1
1334
763
763
747
761
485
747
1318
483
500
500
500
1331
-1
1334
763
763
747
761
747
1318
485
483
500
500
500
1331
-1
1334
763
763
747
761
747
1318
485
483
500
500
500
1331
-1
1334
763
763
747
747
761
1318
485
500
483
500
500
1331
-1
1334
763
763
747
761
747
1318
485
500
500
500
1331
1334
483
-1
763
763
747
761
747
1318
485
483
500
500
500
1331
-1
1334
763
763
747
747
761
1318
485
483
500
500
500
1331
-1
1334
763
763
747
747
761
1318
485
500
483
499
500
1331
-1
1334
763
763
747
761
747
1318
485
500
500
500
1331
-1
1334
483
763
763
747
747
761
1318
485
500
500
500
1331
-1
1334
483
763
763
747
761
485
747
1318
483
500
500
500
1331
-1
1334
763
763
747
747
761
1318
485
483
499
500
500
1331
-1
1334
763
763
747
761
485
747
1318
483
500
500
500
1331
-1
1334
763
763
747
747
761
1318
485
500
483
500
500
1331
-1
1334
763
763
747
747
761
1318
485
483
500
500
500
1331
-1
1334
763
763
747
747
761
1318
485
483
499
500
500
1331
-1
1334
763
763
747
747
761
1318
485
483
500
500
500
1331
-1
1334
763
763
747
747
761
1318
485
483
500
500
500
1331
-1
1334
763
763
747
761
485
747
1318
483
500
500
500
1331
-1
1334
763
763
747
761
485
747
1318
483
500
500
500
1331
-1
1334
763
763
747
761
747
1318
485
483
500
500
500
1331
-1
1334
763
763
747
761
747
-1
1318
485
483
500
500
500
1331
-1
1334
763
763
747
761
747
1318
485
483
500
500
500
1331
-1
1334
763
763
747
761
747
1318
485
483
500
500
500
1331
-1
1334
763
763
747
747
761
1318
485
483
500
500
500
1331
-1
1334
763
763
747
761
747
1318
485
483
499
500
500
1331
-1
1334
763
763
747
747
761
1318
485
483
500
500
500
1331
-1
1334
763
763
747
747
761
1318
485
483
500
500
500
1331
-1
1334
763
763
747
761
485
747
1318
483
499
500
500
1331
-1
1334
763
763
747
747
761
1318
485
483
499
500
500
1331
-1
1334
763
763
747
761
485
747
1318
483
499
500
500
1331
-1
1334
763
763
747
747
761
1318
485
483
499
500
500
1331
-1
1334
763
763
747
747
761
1318
485
483
499
500
500
1331
-1
1334
763
763
747
747
761
1318
-1
500
499
500
500
500
1330
-1
1334
1334
499
499
499
500
500
500
500
500
500
500
500
1330
1330
-1
-1
1334
1334
1334
1334
1334
1330
-1
1334
485
483
499
500
500
1331
-1
1334
763
763
747
747
761
1318
485
483
499
500
500
1331
-1
1334
763
763
747
761
485
747
1318
483
500
500
500
1331
-1
1334
763
763
747
761
485
747
1318
500
483
500
500
1331
-1
1334
763
763
747
485
747
761
1318
483
499
500
500
1331
-1
1334
763
763
747
747
761
1318
485
483
499
500
500
1331
-1
1334
763
763
747
747
761
1318
485
483
499
500
500
1331
-1
1334
763
763
747
747
761
1318
485
483
500
500
763
763
763
747
761
747
747
1318
1318
485
483
500
500
500
1331
-1
1334
763
763
747
761
485
747
1318
483
500
500
500
1331
-1
1334
763
763
747
747
761
1318
485
483
499
500
500
1331
-1
1334
763
763
747
747
761
1318
485
483
500
500
500
1331
-1
1334
763
763
747
761
747
1318
485
500
500
500
1331
1334
483
-1
763
763
747
747
761
485
1318
483
500
500
500
1331
-1
1334
763
763
747
761
747
1318
485
500
500
500
483
1331
-1
1334
763
763
747
747
761
1318
485
483
500
500
500
1331
-1
1334
763
763
747
747
761
485
1318
483
500
500
500
1331
-1
1334
763
763
747
761
747
1318
485
483
499
500
500
1331
-1
1334
763
763
747
747
761
1318
485
500
483
500
500
1331
-1
1334
763
763
747
747
761
1318
485
483
500
500
500
1331
-1
1334
763
763
747
747
761
485
1318
500
500
500
1331
1334
483
-1
763
763
747
747
761
1318
485
483
499
500
500
1331
-1
1334
763
763
747
761
485
747
1318
483
500
500
500
1331
-1
1334
763
763
747
761
747
1318
485
483
500
500
500
1331
-1
1334
763
763
747
761
747
1318
485
483
500
500
500
1331
-1
1334
763
763
747
747
761
1318
485
500
500
500
1331
-1
1334
483
763
763
747
761
485
747
1318
483
500
500
500
1331
-1
1334
763
763
747
761
485
747
1318
483
499
500
500
1331
-1
1334
763
763
747
761
485
747
1318
483
500
500
500
1331
-1
1334
763
763
747
747
761
-1
1318
485
499
500
500
1331
-1
1334
483
763
763
747
761
485
747
1318
483
499
500
500
1331
-1
1334
763
763
747
761
485
747
1318
483
499
500
500
1331
-1
1334
763
763
747
485
747
761
1318
483
499
500
500
1331
-1
1334
763
763
747
747
761
1318
485
483
500
500
500
1331
-1
1334
763
763
747
747
761
1318
485
499
500
500
1331
-1
1334
483
763
763
747
761
747
1318
485
483
500
500
500
1331
-1
1334
763
763
747
761
747
1318
485
499
500
500
1331
-1
1334
483
763
763
747
747
761
1318
485
483
500
500
500
1331
-1
1334
763
763
747
747
761
1318
485
500
500
500
1331
-1
1334
483
763
763
747
747
761
485
1318
483
500
500
500
1331
-1
1334
763
763
747
747
761
1318
485
500
500
500
1331
1334
483
-1
763
763
747
761
485
747
1318
483
500
500
500
1331
-1
1334
763
763
747
747
761
1318
485
483
500
500
500
1331
-1
1334
763
763
747
747
761
485
1318
483
500
500
500
1331
-1
1334
763
763
747
747
761
485
1318
483
500
500
500
1331
-1
1334
763
763
747
747
761
1318
485
500
483
500
500
1331
-1
1334
763
763
747
747
761
1318
485
483
499
500
500
1331
-1
1334
763
763
747
747
761
1318
485
483
499
500
500
1331
-1
1334
763
763
747
747
761
1318
485
483
499
500
500
1331
-1
1334
763
763
747
747
761
1318
485
483
499
500
500
1331
-1
1334
763
763
747
747
761
1318
485
483
500
500
500
1331
-1
1334
763
763
747
761
485
747
1318
500
500
500
1331
-1
1334
483
763
763
747
747
761
1318
485
483
500
500
500
1331
-1
1334
763
763
747
747
761
1318
485
499
500
500
1331
-1
1334
483
763
763
747
761
485
747
1318
483
500
500
500
1331
-1
1334
763
763
747
761
747
1318
485
483
500
500
500
1331
-1
1334
763
763
485
747
747
761
1318
483
500
500
500
1331
-1
1334
763
763
747
747
761
1318
485
483
499
500
500
1331
-1
1334
763
763
747
747
761
1318
485
483
499
500
500
1331
-1
1334
763
763
747
761
747
1318
485
483
500
500
500
1331
-1
1334
763
763
747
747
761
1318
485
483
500
500
500
1331
-1
1334
763
763
747
747
761
1318
485
483
499
500
500
1331
-1
1334
763
763
747
747
761
1318
485
483
499
500
500
1331
-1
1334
763
763
747
747
761
-1
1318
485
500
500
500
1331
-1
1334
483
763
763
747
761
747
1318
485
499
500
500
1331
-1
1334
483
763
763
747
747
761
485
1318
483
500
500
500
1331
-1
1334
763
763
747
761
485
747
1318
483
500
500
500
1331
-1
1334
763
763
747
747
761
1318
485
483
500
500
500
1331
-1
1334
763
763
747
747
761
1318
485
483
500
500
500
1331
-1
1334
763
763
747
761
747
1318
485
483
500
500
500
1331
-1
1334
763
763
747
747
761
1318
485
483
500
500
500
1331
-1
1334
763
763
747
761
485
747
1318
483
499
500
500
1331
-1
1334
763
763
485
747
747
761
1318
483
499
500
500
1331
-1
1334
763
763
747
747
761
1318
485
483
500
500
500
1331
-1
1334
763
763
747
761
485
747
1318
483
500
500
500
1331
-1
1334
763
763
747
761
485
747
1318
483
500
500
500
1331
-1
1334
763
763
747
747
761
1318
485
483
500
500
500
1331
-1
1334
763
763
747
747
761
485
1318
483
500
500
500
1331
-1
1334
763
763
747
747
761
1318
485
483
500
500
500
1331
-1
1334
763
763
747
747
761
1318
485
483
499
500
500
1331
-1
1334
763
763
747
761
747
1318
485
483
499
500
500
1331
-1
1334
763
763
747
747
761
1318
485
483
500
500
500
1331
-1
1334
763
763
747
747
761
1318
485
483
500
500
500
1331
-1
1334
763
763
747
747
761
1318
485
499
500
500
1331
-1
1334
483
763
763
747
747
761
1318
485
483
499
500
500
1331
-1
1334
763
763
747
761
747
1318
485
483
499
500
500
1331
-1
1334
763
763
747
761
747
485
1318
483
499
500
500
1331
-1
1334
763
763
747
761
485
747
1318
500
483
499
500
1331
-1
1334
763
763
485
747
747
761
1318
500
483
500
500
1331
-1
1334
763
763
747
747
761
1318
485
483
500
500
500
1331
-1
1334
763
763
747
747
761
1318
-1
485
483
500
500
500
1331
-1
1334
763
763
747
761
747
1318
485
500
500
500
1334
483
1331
-1
763
763
747
761
485
747
1318
483
500
500
500
1331
-1
1334
763
763
747
485
747
761
1318
483
499
500
500
1331
-1
1334
763
763
747
761
747
1318
485
483
499
500
500
1331
-1
1334
763
763
747
747
761
485
1318
483
500
500
500
1331
-1
1334
763
763
747
761
747
1318
485
483
499
500
500
1331
-1
1334
763
763
747
747
761
1318
485
483
500
500
500
1331
-1
1334
763
763
747
747
761
1318
485
500
483
500
500
1331
-1
1334
763
763
485
747
747
761
1318
483
500
500
500
1331
-1
1334
763
763
747
761
485
747
1318
500
500
500
483
1331
-1
1334
763
763
747
747
761
1318
485
483
499
500
500
1331
-1
1334
763
763
747
747
761
1318
485
483
500
500
500
1331
-1
1334
763
763
747
761
485
747
1318
483
500
500
500
1331
-1
1334
763
763
747
761
485
747
1318
483
500
500
500
1331
-1
1334
763
763
747
761
485
747
1318
483
500
500
500
1331
-1
1334
763
763
747
747
761
1318
485
483
500
500
500
1331
-1
1334
763
763
747
747
761
485
1318
483
499
500
500
1331
-1
1334
763
763
485
747
747
761
1318
483
500
500
500
1331
-1
1334
763
763
747
761
485
747
1318
483
500
500
500
1331
-1
1334
763
763
747
761
485
747
1318
483
499
500
500
1331
-1
1334
763
763
747
747
761
485
1318
483
500
500
500
1331
-1
1334
763
763
747
747
761
1318
485
483
500
500
500
1331
-1
1334
763
763
747
761
485
747
1318
499
500
500
1331
-1
1334
483
763
763
747
761
747
1318
485
483
500
500
500
1331
-1
1334
763
763
747
761
747
1318
485
500
500
500
1331
-1
1334
483
763
763
747
485
747
761
1318
483
499
500
500
1331
-1
1334
763
763
747
485
747
761
1318
483
500
500
500
1331
-1
1334
763
763
747
761
485
747
1318
483
500
500
500
1331
-1
1334
763
763
747
761
485
747
1318
483
499
500
500
1331
-1
1334
763
763
747
761
485
747
1318
500
500
500
1331
1334
483
-1
763
763
747
761
485
747
1318
483
500
500
500
1331
-1
1334
763
763
747
747
761
1318
485
483
500
500
500
1331
-1
1334
763
763
747
747
761
1318
485
500
500
500
1334
483
1331
-1
763
763
747
747
761
1318
485
500
483
500
500
1331
-1
1334
763
763
747
747
761
485
1318
500
500
500
1331
1334
483
-1
763
763
747
747
761
1318
485
483
500
500
500
1331
-1
1334
763
763
485
747
747
761
1318
483
500
500
500
1331
-1
1334
763
763
747
761
485
747
1318
483
500
500
500
1331
-1
1334
763
763
747
761
485
747
1318
483
500
500
500
1331
-1
1334
763
763
747
747
761
1318
485
483
500
500
500
1331
-1
1334
763
763
747
747
761
485
1318
500
500
483
499
1331
-1
1334
763
763
747
761
747
1318
485
483
499
500
500
1331
-1
1334
763
763
747
747
761
1318
485
483
499
500
500
1331
-1
1334
763
763
747
747
761
1318
485
483
500
500
500
1331
-1
1334
763
763
747
747
761
485
1318
500
500
500
1331
-1
1334
483
763
763
747
747
761
1318
485
499
500
500
1331
-1
1334
483
763
763
485
747
747
761
1318
483
500
500
500
1331
-1
1334
763
763
747
485
747
761
1318
483
499
500
500
1331
-1
1334
763
763
747
747
761
1318
485
483
499
500
500
1331
-1
1334
763
763
485
747
747
761
1318
483
500
500
500
1331
-1
1334
763
763
747
761
747
1318
485
500
483
500
500
1331
-1
1334
763
763
747
747
761
1318
485
499
500
500
1331
1334
483
-1
763
763
485
747
747
761
1318
500
500
500
500
483
500
500
500
1331
-1
1334
763
763
747
761
485
747
1318
483
500
500
500
1331
-1
1334
763
763
485
747
747
761
1318
483
500
500
500
1331
-1
1334
763
763
747
747
761
1318
485
483
500
500
500
1331
-1
1334
763
763
747
747
761
1318
485
500
500
500
483
1331
-1
1334
763
763
747
747
761
1318
485
483
500
500
500
1331
-1
1334
763
763
747
747
761
1318
485
483
499
500
500
1331
-1
1334
763
763
747
761
485
747
1318
483
500
500
500
1331
-1
1334
763
763
747
761
485
747
1318
483
500
500
500
1331
-1
1334
763
763
747
761
747
-1
1318
748
748
763
763
755
762
755
762
485
483
500
500
763
763
763
747
761
747
1318
747
1318
485
483
500
500
763
763
763
747
747
1318
747
761
1318
485
500
483
500
763
763
763
747
761
747
1318
485
747
1318
483
500
500
763
763
763
747
761
747
1318
747
1318
485
483
500
500
763
763
763
747
747
761
1318
485
747
1318
483
500
500
763
763
763
747
747
761
1318
485
747
1318
483
500
500
763
763
763
747
761
747
1318
747
1318
485
500
483
500
763
763
763
747
747
761
1318
747
1318
485
483
500
500
763
763
763
747
747
747
761
1318
1318
485
483
500
500
763
763
763
747
747
761
1318
485
747
1318
483
500
500
763
763
763
747
747
747
761
1318
1318
485
483
500
500
763
763
763
747
761
747
747
1318
1318
485
483
500
500
763
763
763
747
761
747
747
1318
1318
485
483
500
500
763
763
763
747
747
761
1318
485
747
1318
483
500
500
763
763
763
747
747
747
761
1318
485
1318
483
500
500
763
763
763
747
747
761
1318
747
1318
485
483
500
500
763
763
763
747
747
747
761
1318
1318
485
483
500
500
763
763
763
747
747
761
485
747
1318
1318
483
500
500
763
763
763
747
747
747
761
1318
1318
485
483
500
500
763
763
763
747
747
761
1318
485
747
1318
483
500
500
763
763
763
747
747
747
761
1318
1318
485
483
500
500
763
763
763
747
747
761
1318
485
747
1318
483
500
500
763
763
763
747
761
485
747
747
1318
1318
483
500
500
763
763
763
747
747
761
1318
485
747
1318
483
500
500
763
763
763
747
761
485
747
747
1318
1318
500
500
483
763
763
763
747
761
747
1318
485
747
1318
483
500
500
763
763
763
747
747
747
761
1318
1318
485
500
483
500
763
763
763
747
761
747
1318
747
1318
485
483
500
500
763
763
763
747
761
747
1318
485
747
1318
483
500
500
763
763
763
747
747
747
761
1318
1318
485
483
500
500
763
763
763
747
761
747
1318
485
747
1318
483
500
500
763
763
763
747
761
747
747
1318
1318
485
500
500
483
763
763
763
747
761
747
747
1318
485
1318
483
500
500
763
763
763
747
761
747
1318
747
1318
485
483
500
500
763
763
763
747
747
761
1318
747
1318
485
500
500
483
763
763
763
747
747
747
761
1318
485
1318
500
500
483
763
763
763
747
747
761
485
747
1318
1318
483
500
500
763
763
763
747
747
761
1318
485
747
1318
483
500
500
763
763
763
747
761
747
1318
747
1318
485
483
500
500
763
763
763
747
747
761
485
747
1318
1318
500
500
483
763
763
763
747
747
761
1318
485
747
1318
500
500
483
763
763
763
747
747
761
747
1318
1318
485
483
500
500
763
763
763
747
761
747
747
1318
1318
485
483
500
500
763
763
763
747
747
761
1318
485
747
1318
483
500
500
763
763
763
747
761
747
1318
485
747
1318
483
500
500
763
763
763
747
761
747
747
1318
1318
485
483
500
500
763
763
763
747
761
747
747
1318
1318
485
483
500
500
763
763
763
747
747
761
1318
485
747
1318
483
500
500
763
763
763
747
761
747
747
1318
1318
485
500
500
483
763
763
763
747
761
485
747
747
1318
1318
483
500
500
763
763
763
747
761
747
747
1318
1318
485
500
500
483
763
763
763
747
761
747
1318
485
747
1318
483
500
500
763
763
763
747
761
747
747
1318
1318
485
483
500
500
763
763
763
747
747
761
1318
485
747
1318
483
500
500
763
763
763
747
761
747
747
1318
1318
485
500
483
500
763
763
763
747
761
747
747
1318
485
1318
500
500
483
763
763
763
747
747
747
761
1318
1318
485
500
483
500
763
763
763
747
761
747
1318
485
747
1318
483
500
500
763
763
763
747
761
747
747
1318
1318
485
483
500
500
763
763
763
747
761
747
747
1318
1318
485
483
500
500
763
763
763
747
747
761
1318
485
747
1318
483
500
500
763
763
763
747
747
761
1318
485
747
1318
483
500
500
763
763
763
747
747
761
485
747
1318
1318
483
500
500
763
763
763
747
761
747
1318
485
747
1318
483
500
500
763
763
763
747
761
747
747
1318
485
1318
483
500
500
763
763
763
747
747
761
1318
747
485
1318
483
500
500
763
763
763
747
761
747
747
1318
1318
485
483
500
500
763
763
763
747
761
747
747
1318
1318
485
483
500
500
763
763
763
747
761
747
747
1318
1318
485
483
500
500
763
763
763
747
761
747
1318
485
747
1318
483
500
500
763
763
763
747
761
747
1318
485
747
1318
483
500
500
763
763
763
747
761
485
747
747
1318
1318
483
500
500
763
763
763
747
761
747
1318
485
747
1318
483
500
500
763
763
763
747
761
747
747
1318
1318
485
483
500
500
763
763
763
747
747
761
1318
485
747
1318
483
500
500
763
763
763
747
761
747
747
1318
485
1318
483
500
500
763
763
763
747
761
747
747
1318
1318
485
500
500
483
763
763
763
747
747
761
1318
485
747
1318
483
500
500
763
763
763
747
761
747
747
1318
1318
485
483
500
500
763
763
763
747
747
761
1318
485
747
1318
483
500
500
763
763
763
747
747
761
1318
485
747
1318
483
500
500
763
763
763
747
747
761
485
747
1318
1318
483
500
500
763
763
763
747
747
747
761
1318
485
1318
483
500
500
763
763
763
747
747
761
1318
747
1318
485
483
500
500
763
763
763
747
747
761
1318
485
747
1318
483
500
500
763
763
763
747
747
761
1318
485
747
1318
483
500
500
763
763
763
747
761
747
1318
485
747
1318
483
500
500
763
763
763
747
747
761
1318
485
747
1318
483
500
500
763
763
763
747
761
747
747
1318
1318
485
500
500
483
763
763
763
747
747
761
485
747
1318
1318
483
500
500
763
763
763
747
761
747
747
1318
485
1318
483
500
500
763
763
763
747
747
761
1318
485
747
1318
483
500
500
763
763
763
747
761
747
747
1318
485
1318
483
500
500
763
763
763
747
747
761
1318
747
1318
485
483
500
500
763
763
763
747
747
761
1318
485
747
1318
483
500
500
763
763
763
747
747
761
1318
485
747
1318
483
500
500
763
763
763
747
761
747
747
1318
1318
485
483
500
500
763
763
763
747
747
761
747
1318
1318
485
483
500
500
763
763
763
747
747
761
485
747
1318
1318
483
500
500
763
763
763
747
747
761
1318
747
1318
485
483
500
500
763
763
763
747
761
747
747
1318
1318
485
483
500
500
763
763
763
747
761
747
747
1318
1318
485
483
500
500
763
763
763
747
761
747
1318
485
747
1318
483
500
500
763
763
763
747
761
747
747
1318
1318
485
483
500
500
763
763
763
747
747
747
761
1318
1318
485
500
483
500
763
763
763
747
761
747
747
1318
1318
485
483
500
500
763
763
763
747
761
747
747
1318
1318
485
483
500
500
763
763
763
747
747
761
1318
485
747
1318
500
500
483
763
763
763
747
747
761
1318
485
747
1318
483
500
500
763
763
763
747
747
761
485
747
1318
1318
483
500
500
763
763
763
747
761
747
1318
747
1318
485
500
483
500
763
763
763
747
747
761
747
1318
1318
485
483
500
500
763
763
763
747
761
485
747
747
1318
1318
483
500
500
763
763
763
747
761
747
1318
485
747
1318
483
500
500
763
763
763
747
761
747
747
1318
1318
485
483
500
500
763
763
763
747
761
747
1318
485
747
1318
483
500
500
763
763
763
747
747
761
1318
485
747
1318
483
500
500
763
763
763
747
761
747
747
1318
1318
485
483
500
500
763
763
763
747
761
747
747
1318
485
1318
483
500
500
763
763
763
747
761
747
747
1318
1318
485
483
500
500
763
763
763
747
761
747
747
1318
1318
485
483
500
500
763
763
763
747
747
761
1318
747
485
1318
483
500
500
763
763
763
747
761
485
747
747
1318
1318
483
500
500
763
763
763
747
747
747
761
1318
1318
485
483
500
500
763
763
763
747
761
747
747
1318
1318
485
483
500
500
763
763
763
747
747
761
1318
485
747
1318
483
500
500
763
763
763
747
747
747
761
1318
1318
485
483
500
500
763
763
763
747
761
747
747
1318
1318
485
483
500
500
763
763
763
747
761
747
747
1318
1318
485
483
500
500
763
763
763
747
747
761
1318
747
485
1318
483
500
500
763
763
763
747
747
747
761
1318
485
1318
483
500
500
763
763
763
747
761
485
747
747
1318
1318
483
500
500
763
763
763
747
761
747
747
1318
1318
485
483
500
500
763
763
763
747
747
747
761
1318
1318
485
483
500
500
763
763
763
747
747
761
1318
747
1318
485
483
500
500
763
763
763
747
747
761
1318
485
747
1318
483
500
500
763
763
763
747
747
761
1318
485
747
1318
483
500
500
763
763
763
747
747
747
761
1318
485
1318
483
500
500
763
763
763
747
747
761
1318
485
747
1318
483
500
500
763
763
763
747
761
747
747
1318
1318
485
483
500
500
763
763
763
747
761
747
1318
747
1318
485
483
500
500
763
763
763
747
761
747
1318
747
1318
485
483
500
500
763
763
763
747
747
747
761
1318
485
1318
483
500
500
763
763
763
747
747
747
761
1318
1318
485
483
500
500
763
763
763
747
747
761
1318
485
747
1318
483
500
500
763
763
763
747
761
747
1318
485
747
1318
500
483
500
763
763
763
747
747
761
1318
747
1318
485
483
500
500
763
763
763
747
761
747
747
1318
485
1318
483
500
500
763
763
763
747
761
747
1318
747
1318
485
483
500
500
763
763
763
747
761
747
1318
747
1318
485
483
500
500
763
763
763
747
761
747
747
1318
1318
485
483
500
500
763
763
763
747
747
761
1318
747
485
1318
483
500
500
763
763
763
747
761
747
1318
485
747
1318
483
500
500
763
763
763
747
761
747
1318
485
747
1318
483
500
500
763
763
763
747
761
747
1318
485
747
1318
500
483
500
763
763
763
747
761
747
1318
485
747
1318
483
500
500
763
763
763
747
761
747
1318
485
747
1318
483
500
500
763
763
763
747
761
485
747
747
1318
1318
483
500
500
763
763
763
747
761
747
747
1318
1318
485
500
500
483
763
763
763
747
761
747
1318
747
1318
485
500
500
483
763
763
763
747
761
747
1318
485
747
1318
483
500
500
763
763
763
747
761
747
1318
747
1318
485
483
500
500
763
763
763
747
747
761
1318
747
485
1318
500
483
500
763
763
763
747
761
747
1318
485
747
1318
500
500
483
763
763
763
747
747
761
747
1318
1318
485
483
500
500
763
763
763
747
761
747
1318
747
1318
485
483
500
500
763
763
763
747
761
747
1318
747
1318
485
483
500
500
763
763
763
747
761
747
747
1318
1318
485
483
500
500
763
763
763
747
747
761
1318
747
485
1318
500
483
500
763
763
763
747
761
747
1318
747
1318
485
483
500
500
763
763
763
747
761
747
747
1318
485
1318
483
500
500
763
763
763
747
761
747
1318
747
1318
485
500
500
483
763
763
763
747
761
747
747
1318
1318
485
483
500
500
763
763
763
747
761
747
1318
747
1318
485
483
500
500
763
763
763
747
761
747
1318
747
1318
485
483
500
500
763
763
763
747
761
747
1318
747
1318
485
483
500
500
763
763
763
747
747
761
1318
485
747
1318
483
500
500
763
763
763
747
747
761
485
747
1318
1318
483
500
500
763
763
763
747
761
747
747
1318
1318
485
483
500
500
763
763
763
747
747
761
1318
485
747
1318
483
500
500
763
763
763
747
761
485
747
747
1318
1318
483
500
500
763
763
763
747
747
761
1318
485
747
1318
483
500
500
763
763
763
747
747
761
1318
485
747
1318
483
500
500
763
763
763
747
747
747
761
1318
1318
485
483
500
500
763
763
763
747
747
761
747
1318
485
1318
483
500
500
763
763
763
747
761
747
747
1318
1318
485
483
500
500
763
763
763
747
761
485
747
747
1318
1318
483
500
500
763
763
763
748
747
747
747
748
761
1318
485
1318
483
500
500
763
763
763
763
763
747
747
761
1318
485
747
1318
755
762
483
500
500
755
762
763
763
763
747
747
761
1318
485
747
1318
483
500
500
763
763
763
747
747
761
485
747
1318
1318
500
483
500
763
763
763
747
747
747
761
1318
485
1318
483
500
500
763
763
763
747
761
747
747
1318
1318
485
483
500
500
763
763
763
747
747
761
1318
485
747
1318
483
500
500
763
763
763
747
747
747
761
1318
1318
485
483
500
500
763
763
763
747
747
761
1318
485
747
1318
483
500
500
763
763
763
747
747
761
485
747
1318
1318
483
500
500
763
763
763
747
761
485
747
747
1318
1318
483
500
500
763
763
763
747
747
761
1318
485
747
1318
483
500
500
763
763
763
747
747
761
1318
747
1318
485
500
483
500
763
763
763
747
747
761
1318
485
747
1318
483
500
500
763
763
763
747
761
485
747
747
1318
1318
483
500
500
763
763
763
500
500
500
500
747
747
761
747
1318
1318
485
483
500
500
763
763
763
747
747
747
761
1318
1318
485
483
500
500
763
763
763
747
747
761
1318
485
747
1318
483
500
500
763
763
763
747
761
747
1318
485
747
1318
500
500
483
763
763
763
747
747
761
1318
485
747
1318
500
483
500
763
763
763
747
747
761
485
747
1318
1318
483
500
500
763
763
763
747
761
747
1318
485
747
1318
483
500
500
763
763
763
747
747
761
1318
485
747
1318
500
500
483
763
763
763
747
747
761
747
1318
1318
485
483
500
500
763
763
763
747
747
761
1318
485
747
1318
483
500
500
763
763
763
747
747
761
1318
485
747
1318
483
500
500
763
763
763
747
761
747
1318
747
1318
485
483
500
500
763
763
763
747
747
761
1318
747
1318
485
483
500
500
763
763
763
747
761
747
1318
485
747
1318
483
500
500
763
763
763
747
747
761
485
747
1318
1318
483
500
500
763
763
763
747
761
485
747
747
1318
1318
483
500
500
763
748
748
763
763
755
763
755
762
763
762
747
747
761
1318
485
747
1318
483
500
500
500
1331
-1
1334
763
763
747
747
761
1318
485
483
500
500
500
1331
-1
1334
763
763
747
747
761
1318
485
483
499
500
500
1331
-1
1334
763
747
761
763
747
1318
485
483
500
500
500
1331
-1
1334
763
763
747
747
761
1318
485
483
500
500
500
1331
-1
1334
763
763
747
761
485
747
1318
483
500
500
500
1331
-1
1334
763
763
485
747
747
761
1318
483
500
500
500
1331
-1
1334
763
763
747
761
485
747
1318
500
483
500
500
1331
-1
1334
763
763
485
747
747
761
1318
483
500
500
500
1331
-1
1334
763
763
747
761
485
747
1318
483
499
500
500
1331
-1
1334
763
763
747
747
761
485
1318
483
500
500
500
1331
-1
1334
763
763
485
747
747
761
1318
483
499
500
500
1331
-1
1334
763
763
747
485
747
761
1318
483
499
500
500
1331
-1
1334
763
763
747
747
761
1318
485
483
500
500
500
1331
-1
1334
763
747
761
763
485
747
1318
483
500
500
500
1331
-1
1334
763
763
485
747
747
761
1318
483
499
500
500
1331
-1
1334
763
763
747
747
761
1318
485
483
500
500
500
1331
-1
1334
763
763
747
485
747
761
1318
483
500
500
500
1331
-1
1334
763
763
747
761
485
747
1318
483
500
500
500
1331
-1
1334
763
763
747
761
485
747
1318
483
500
500
500
1331
-1
1334
763
763
485
747
747
761
1318
483
500
500
500
1331
-1
1334
763
763
747
761
485
747
1318
483
500
500
500
1331
-1
1334
763
763
485
747
747
761
1318
483
500
500
500
1331
-1
1334
763
763
747
485
747
761
1318
483
499
500
500
1331
-1
1334
763
763
485
747
747
761
1318
483
500
500
500
1331
-1
1334
763
747
763
485
747
761
1318
483
500
500
500
1331
-1
1334
763
763
747
747
761
1318
485
483
500
500
500
1331
-1
1334
763
763
485
747
747
761
1318
483
500
500
500
1331
-1
1334
763
763
485
747
747
761
1318
499
500
500
1331
-1
1334
483
763
763
747
485
747
761
1318
748
748
755
763
755
762
763
762
500
500
500
500
748
748
763
763
755
755
762
762
748
748
755
763
755
762
762
763
500
500
500
500
748
748
755
755
763
763
762
762
748
748
755
755
763
762
762
763
500
500
500
500
748
748
755
755
763
763
762
762
748
748
763
763
755
755
762
762
500
500
500
500
748
748
763
763
755
755
762
762
748
748
755
755
762
763
763
762
500
500
500
500
748
748
755
755
763
763
762
762
748
748
755
763
762
755
763
762
500
500
500
500
748
748
755
755
763
762
763
762
748
748
755
755
763
763
762
762
500
500
500
500
748
748
763
763
755
755
762
762
0
0
0
0
0
0
0
0
0
0
0
0
0
0
1343
0
0
0
0
0
0
0
0
0
0
0
0
0
0
0
0
0
0
0
0
0
0
0
0
0
0
0
0
0
0
0
0
0
0
0
0
0
885
0
0
0
0
0
0
0
0
0
0
0
0
0
0
0
990
0
0
0
0
0
0
0
0
0
0
0
0
0
0
0
0
0
0
0
479
1090
0
0
0
0
0
0
1179
0
0
0
0
0
0
0
1308
1307
0
0
0
0
0
0
748
748
763
763
755
755
762
762
500
500
500
500
748
748
763
763
755
755
762
762
748
748
763
755
762
755
762
763
500
500
500
500
748
748
763
755
755
762
762
763
748
748
763
755
755
762
762
763
500
500
500
500
748
748
755
763
755
762
762
763
836
801
802
802
803
840
804
-1
-1
855
-1
-1
-1
855
-1
-1
-1
-1
-1
-1
-1
-1
-1
-1
-1
-1
813
811
-1
-1
-1
-1
842
-1
748
748
755
755
763
763
762
762
500
500
500
500
748
748
755
755
762
763
763
762
748
748
763
755
755
762
763
762
500
500
500
500
748
748
755
755
763
763
762
762
748
748
755
755
763
763
762
762
500
500
500
500
748
748
755
763
755
762
762
763
748
748
763
755
762
755
763
762
500
500
500
500
748
748
763
763
755
762
755
762
