-1
386
850
871
872
873
846
851
884
481
482
1317
1341
859
862
860
860
860
860
860
860
864
863
1313
1314
1315
1316
1341
385
385
385
385
385
1339
1340
800
827
824
838
826
-1
814
814
-1
745
881
881
881
505
506
495
496
877
878
-1
-1
494
490
490
490
490
490
490
490
490
498
498
498
796
796
796
796
877
878
-1
-1
795
795
795
845
856
857
877
878
-1
-1
858
858
858
834
835
877
878
-1
-1
511
806
807
841
809
810
808
805
812
804
828
825
844
847
849
865
870
833
843
503
493
497
486
487
489
488
490
490
490
490
490
867
869
848
797
837
799
502
-1
-1
386
386
-1
386
777
777
777
871
871
871
872
873
872
873
873
872
745
746
754
745
745
767
745
746
745
754
760
750
759
767
746
745
754
767
760
750
759
760
750
759
1317
1317
1317
1341
859
862
860
860
860
1341
1341
859
859
862
860
860
860
862
860
860
860
863
1313
1314
1315
1316
385
385
863
1313
385
385
385
1314
1315
1316
385
385
863
1313
1314
1315
1316
1338
385
385
385
385
385
794
770
387
385
385
385
884
1338
865
870
1338
794
770
387
884
865
870
794
770
387
884
865
870
760
764
766
753
760
867
869
764
766
760
753
764
766
867
869
753
867
869
749
749
744
749
744
744
511
511
511
-1
-1
-1
510
510
510
507
508
509
512
507
512
507
508
509
508
509
512
765
765
757
757
765
788
788
757
788
781
782
793
781
782
786
793
781
782
786
783
787
793
783
786
787
1337
783
787
1337
1337
789
778
784
792
777
790
791
789
792
778
784
777
790
791
789
792
778
784
777
790
791
776
775
773
771
776
1335
775
773
751
771
776
1335
775
-1
773
751
771
1335
-1
751
-1
484
501
874
484
501
874
752
756
484
501
752
756
874
752
756
504
504
504
388
389
388
389
388
389
758
758
768
768
768
758
-1
386
871
873
872
800
511
827
824
826
838
-1
814
814
-1
745
881
881
881
505
506
495
496
878
-1
877
-1
494
490
498
498
498
490
490
490
490
490
490
490
796
796
796
796
878
-1
795
795
795
845
877
-1
856
857
877
878
-1
-1
858
858
858
-1
-1
481
482
1317
1341
859
862
860
860
860
860
860
860
863
1313
1314
1315
1316
1341
385
385
385
854
385
385
-1
386
1009
480
479
1090
480
912
903
1084
1086
1079
906
901
1012
910
907
908
909
871
872
873
916
902
904
1009
1042
1077
881
881
881
882
480
1049
1049
1067
1069
1060
1065
1060
1016
1061
1058
1070
1078
479
986
989
1319
1011
1317
1341
859
862
860
860
860
860
860
860
1091
863
1313
1314
1315
1316
1341
876
875
876
385
385
385
1092
385
385
865
870
911
867
869
1010
1020
1087
875
876
876
1019
1019
1085
1088
1088
888
913
914
915
905
1077
865
870
867
911
869
884
865
870
867
869
911
865
870
911
867
869
-1
386
-1
386
-1
386
1089
1010
1018
979
978
980
978
979
980
978
979
980
893
892
891
894
895
899
900
983
889
890
893
892
895
891
894
899
900
983
889
890
871
892
893
891
894
895
899
900
983
889
890
871
872
873
871
982
925
872
873
982
925
925
925
872
873
982
-1
898
897
933
962
925
896
-1
898
897
933
962
925
958
976
977
896
479
1090
958
969
970
971
967
972
975
967
937
976
479
977
1090
929
-1
898
927
897
933
962
479
1090
969
970
971
967
972
975
967
479
937
1090
929
896
927
958
976
977
865
479
1090
969
970
971
967
972
975
967
937
479
1090
865
929
927
870
865
870
867
911
869
984
911
865
870
867
911
867
869
960
869
984
870
934
935
1353
985
865
870
911
867
869
960
1317
934
935
1353
985
911
867
869
984
865
870
867
869
911
960
1317
934
935
1353
985
1341
859
862
1317
860
860
860
860
860
860
1341
859
862
860
860
860
860
860
860
1341
859
862
860
860
860
860
860
860
1091
863
1313
863
1091
1313
1314
1315
1316
1341
385
385
1314
1315
1316
1091
863
1313
1341
385
385
1314
1315
1316
1341
385
385
385
1092
385
385
928
885
884
385
1092
385
385
928
885
884
385
385
385
1092
928
885
884
1013
1048
930
384
384
1013
1048
1048
384
930
384
1013
930
384
384
1053
1053
1053
500
500
483
763
763
763
747
761
747
1318
747
1318
-1
485
483
500
500
763
763
763
747
761
747
747
1318
1318
485
500
483
500
763
763
763
747
761
747
1318
747
1318
485
483
500
500
763
763
763
747
761
747
1318
747
1318
485
500
500
483
763
763
763
747
747
761
747
1318
1318
485
500
500
483
763
763
763
747
761
747
1318
747
1318
485
500
500
483
763
763
763
747
761
747
1318
747
1318
485
500
500
483
763
763
763
747
761
747
1318
747
1318
485
483
500
500
763
763
763
747
761
747
1318
747
1318
485
500
500
483
763
763
763
747
761
747
1318
747
1318
485
500
500
483
763
763
763
747
761
747
1318
747
1318
485
500
483
500
763
763
763
747
761
747
1318
747
1318
485
483
500
500
763
763
763
747
761
747
1318
747
1318
485
483
500
500
763
763
763
747
761
747
1318
747
1318
485
483
500
500
763
763
763
747
761
747
1318
747
1318
485
500
500
483
763
763
763
747
761
747
747
1318
1318
485
483
500
500
763
763
763
747
761
747
1318
747
1318
485
483
500
500
763
763
763
747
761
747
1318
747
1318
485
483
500
500
763
763
763
747
761
747
1318
747
1318
485
483
500
500
763
763
763
747
761
747
747
1318
1318
485
483
500
500
763
763
763
747
761
747
1318
747
1318
485
483
500
500
763
763
763
747
747
761
747
1318
1318
485
483
500
500
763
763
763
747
761
747
1318
747
1318
485
483
500
500
763
763
763
747
761
747
1318
747
1318
485
483
500
500
500
1331
-1
1334
763
763
747
761
747
1318
485
483
500
500
500
1331
-1
1334
763
763
747
761
747
1318
485
483
500
500
500
1331
-1
1334
763
763
747
761
747
1318
485
500
500
500
1331
-1
1334
483
763
763
747
747
761
1318
485
500
483
500
500
1331
-1
1334
763
763
747
761
747
1318
485
500
500
500
1331
-1
1334
483
763
763
747
747
761
1318
485
483
500
500
500
1331
-1
1334
763
763
747
761
747
1318
485
500
500
500
1331
-1
1334
483
763
763
747
761
747
1318
485
483
500
500
500
1331
-1
1334
763
763
747
747
761
1318
485
500
500
500
483
1331
-1
1334
763
763
747
747
761
1318
485
500
483
500
500
1331
-1
1334
763
763
747
747
761
1318
485
483
500
500
500
1331
-1
1334
763
763
747
747
761
1318
485
483
500
500
500
1331
-1
1334
763
763
747
761
747
1318
485
500
500
500
500
483
500
500
763
763
763
747
761
747
747
1318
1318
485
483
500
500
763
763
763
747
761
747
1318
747
1318
485
500
500
483
763
763
763
747
747
761
1318
747
1318
485
483
500
500
763
763
763
747
761
747
1318
747
1318
485
483
500
500
763
763
763
747
747
761
1318
747
1318
485
483
500
500
763
763
763
747
761
747
747
1318
1318
485
483
500
500
763
763
763
747
761
747
747
1318
1318
485
483
500
500
763
763
763
747
761
747
1318
747
1318
485
483
500
500
763
763
763
747
761
747
1318
747
1318
485
483
500
500
763
763
763
747
747
761
1318
747
1318
485
500
483
500
763
763
763
747
761
747
747
1318
1318
485
483
500
500
763
763
763
747
747
761
1318
747
1318
485
483
500
500
763
763
763
747
761
747
1318
485
747
1318
500
500
483
763
763
763
747
761
747
1318
747
1318
485
500
500
483
763
763
763
747
747
761
747
1318
1318
485
483
500
500
763
763
763
747
761
747
1318
747
1318
485
483
500
500
763
763
763
747
747
761
1318
747
1318
485
483
500
500
763
763
763
747
761
747
747
1318
485
1318
483
500
500
763
763
763
747
747
761
747
1318
1318
485
483
500
500
763
763
763
747
761
747
1318
747
1318
485
483
500
500
763
763
763
747
761
747
1318
747
1318
485
483
500
500
763
763
763
747
761
747
747
1318
1318
485
483
500
500
763
763
763
747
761
747
747
1318
1318
485
483
500
500
763
763
763
747
747
761
1318
747
1318
485
483
500
500
763
763
763
747
761
747
1318
485
747
1318
483
500
500
763
763
763
747
761
747
747
1318
1318
485
483
500
500
763
763
763
747
761
747
747
1318
485
1318
483
500
500
763
763
763
747
747
761
1318
747
1318
485
500
483
500
763
763
763
747
761
747
1318
747
1318
485
483
500
500
763
763
763
747
747
747
761
1318
485
1318
483
500
500
763
763
763
747
747
761
1318
747
1318
485
483
500
500
763
763
763
747
761
747
747
1318
485
1318
483
500
500
763
763
763
747
761
747
1318
747
1318
485
483
500
500
763
763
763
747
747
761
1318
747
1318
485
483
500
500
763
763
763
747
761
747
747
1318
1318
485
500
483
500
763
763
763
747
747
761
1318
747
1318
485
483
500
500
763
763
763
747
761
747
747
1318
485
1318
483
500
500
763
763
763
747
747
761
1318
747
1318
485
500
500
483
763
763
763
747
747
761
1318
747
1318
485
500
500
483
763
763
763
747
747
761
1318
747
1318
485
483
500
500
763
763
763
747
761
747
747
1318
1318
485
483
500
500
763
763
763
747
747
761
1318
747
1318
485
483
500
500
763
763
763
747
761
747
1318
485
747
1318
483
500
500
763
763
763
747
761
747
1318
485
747
1318
483
500
500
763
763
763
747
761
747
747
1318
485
1318
483
500
500
763
763
763
747
747
761
747
1318
1318
485
483
500
500
763
763
763
747
761
747
747
1318
1318
485
483
500
500
763
763
763
747
761
747
1318
485
747
1318
483
500
500
763
763
763
747
747
761
1318
485
747
1318
483
500
500
763
763
763
747
747
747
761
1318
485
1318
483
500
500
763
763
763
747
761
747
1318
747
1318
485
483
500
500
763
763
763
747
747
761
1318
747
1318
485
483
500
500
763
763
763
747
747
761
1318
747
1318
485
483
500
500
763
763
763
747
747
761
1318
485
747
1318
483
500
500
763
763
763
747
747
761
1318
747
1318
485
500
500
483
763
763
763
747
747
747
761
1318
1318
485
483
500
500
763
763
763
747
761
747
747
1318
1318
485
483
500
500
763
763
763
747
747
761
1318
485
747
1318
500
500
483
763
763
763
747
747
747
761
1318
485
1318
483
500
500
763
763
763
747
747
761
1318
485
747
1318
483
500
500
763
763
763
747
747
761
1318
485
747
1318
483
500
500
763
763
763
747
747
761
1318
747
1318
485
483
500
500
763
763
763
747
747
747
761
1318
485
1318
483
500
500
763
763
763
747
747
761
1318
485
747
1318
483
500
500
763
763
763
747
761
747
747
1318
1318
485
500
500
483
763
763
763
747
747
761
1318
747
1318
485
483
500
500
763
763
763
747
747
761
1318
485
747
1318
483
500
500
763
763
763
747
761
747
747
1318
1318
485
483
500
500
763
763
763
747
761
747
747
1318
1318
485
483
500
500
763
763
763
747
761
747
1318
485
747
1318
483
500
500
763
763
763
747
747
761
1318
485
747
1318
483
500
500
763
763
763
747
747
761
485
747
1318
1318
483
500
500
763
763
763
747
747
747
761
1318
1318
485
483
500
500
763
763
763
747
747
747
761
1318
1318
485
500
500
483
763
763
763
747
761
747
747
1318
1318
485
483
500
500
763
763
763
747
747
761
1318
747
1318
485
500
483
500
763
763
763
747
747
761
1318
747
1318
485
483
500
500
763
763
763
747
761
747
747
1318
1318
485
483
500
500
763
763
763
747
761
747
747
1318
485
1318
483
500
500
763
763
763
747
761
747
747
1318
485
1318
483
500
500
763
763
763
747
747
747
761
1318
1318
485
483
500
500
763
763
763
747
761
747
747
1318
1318
485
483
500
500
763
763
763
747
747
761
1318
747
1318
485
483
500
500
763
763
763
747
747
761
1318
747
1318
485
500
500
483
763
763
763
747
747
761
1318
747
1318
485
500
500
483
763
763
763
747
747
747
761
1318
1318
485
483
500
500
763
763
763
747
747
747
761
1318
485
1318
483
500
500
763
763
763
747
761
747
747
1318
1318
485
483
500
500
763
763
763
747
761
747
747
1318
1318
485
483
500
500
763
763
763
747
747
761
1318
747
1318
485
483
500
500
763
763
763
747
761
747
747
1318
1318
485
483
500
500
763
763
763
747
747
747
761
1318
1318
485
483
500
500
763
763
763
747
761
747
747
1318
485
1318
500
500
483
763
763
763
747
747
761
1318
485
747
1318
483
500
500
763
763
763
747
761
747
747
1318
1318
485
483
500
500
763
763
763
747
761
747
1318
747
1318
485
483
500
500
763
763
763
747
747
761
1318
485
747
1318
500
483
500
763
763
763
747
761
747
747
1318
1318
485
500
500
483
763
763
763
747
761
747
747
1318
1318
485
483
500
500
763
763
763
747
747
761
1318
747
1318
485
483
500
500
763
763
763
747
747
761
1318
747
1318
485
483
500
500
763
763
763
747
761
747
747
1318
1318
485
483
500
500
763
763
763
747
761
747
747
1318
1318
485
483
500
500
763
763
763
747
761
747
747
1318
1318
485
500
500
483
763
763
763
747
761
747
1318
747
1318
485
500
483
500
763
763
763
747
761
747
747
1318
1318
485
483
500
500
763
763
763
747
761
747
747
1318
1318
485
483
500
500
763
763
763
747
747
761
1318
747
1318
485
500
500
483
763
763
763
747
761
747
747
1318
1318
485
483
500
500
763
763
763
747
747
747
761
1318
1318
485
483
500
500
763
763
763
747
747
747
761
1318
485
1318
483
500
500
763
763
763
747
761
747
747
1318
1318
485
483
500
500
763
763
763
747
747
761
1318
485
747
1318
483
500
500
763
763
763
747
747
761
1318
485
747
1318
483
500
500
763
763
763
747
747
747
761
1318
1318
485
483
500
500
763
763
763
747
761
747
1318
485
747
1318
483
500
500
763
763
763
747
747
747
761
1318
485
1318
483
500
500
763
763
763
747
747
761
1318
747
1318
485
483
500
500
763
763
763
747
761
747
747
1318
1318
485
483
500
500
763
763
763
747
747
761
1318
485
747
1318
483
500
500
763
763
763
747
761
747
747
1318
1318
485
483
500
500
763
763
763
747
747
761
1318
485
747
1318
483
500
500
763
763
763
747
761
747
1318
747
1318
485
500
500
483
763
763
763
747
761
747
747
1318
1318
485
483
500
500
763
763
763
747
747
747
761
1318
1318
485
483
500
500
763
763
763
747
747
761
1318
747
1318
485
483
500
500
763
763
763
747
747
761
1318
747
1318
485
483
500
500
763
763
748
763
748
747
748
748
761
747
747
1318
485
1318
483
500
500
763
763
763
747
747
761
1318
747
1318
485
763
763
755
755
762
762
500
500
483
763
763
763
763
755
755
762
763
762
747
761
747
747
1318
1318
485
483
500
500
763
763
763
747
761
747
747
1318
1318
485
500
500
483
763
763
763
747
747
761
1318
747
1318
485
483
500
500
763
763
763
747
747
761
1318
485
747
1318
483
500
500
763
763
763
747
761
747
747
1318
1318
485
483
500
500
763
763
763
747
747
747
761
1318
1318
485
483
500
500
763
763
763
747
747
761
1318
747
1318
485
483
500
500
763
763
763
747
747
761
1318
747
1318
485
483
500
500
763
763
763
747
747
747
761
1318
1318
485
483
500
500
763
763
763
747
761
747
747
1318
1318
485
483
500
500
763
763
763
747
747
761
1318
485
747
1318
483
500
500
763
763
763
747
761
747
1318
485
747
1318
483
500
500
763
763
763
747
761
747
1318
485
747
1318
483
500
500
500
500
500
500
763
763
763
747
747
761
1318
485
747
1318
483
500
500
763
763
763
747
747
761
1318
485
747
1318
483
500
500
763
763
763
747
761
747
747
1318
1318
485
483
500
500
763
763
763
747
747
761
1318
747
1318
485
483
500
500
763
763
763
747
747
761
1318
485
747
1318
483
500
500
763
763
763
747
747
761
1318
747
1318
485
483
500
500
763
763
763
747
747
761
1318
485
747
1318
483
500
500
763
763
763
747
761
747
747
1318
1318
485
483
500
500
763
763
763
747
747
747
761
1318
485
1318
483
500
500
763
763
763
747
747
761
1318
485
747
1318
483
500
500
763
763
763
747
761
747
1318
485
747
1318
483
500
500
763
763
763
747
761
747
1318
485
747
1318
483
500
500
763
763
763
747
761
747
747
1318
1318
485
483
500
500
763
763
763
747
761
747
747
1318
1318
485
483
500
500
763
763
763
747
747
747
761
1318
1318
485
483
500
500
763
763
763
747
761
747
747
1318
1318
485
500
500
483
763
763
763
747
747
747
761
1318
485
1318
483
500
500
763
763
763
747
761
747
747
1318
1318
485
483
500
500
763
763
763
747
747
747
761
1318
1318
485
500
500
483
763
763
763
747
761
747
747
1318
1318
485
483
500
500
763
763
763
747
747
761
747
1318
1318
485
483
500
500
763
763
763
747
747
761
1318
485
747
1318
483
500
500
763
763
763
747
747
761
1318
485
747
1318
500
500
483
763
763
763
747
747
761
1318
747
1318
485
500
500
483
763
763
763
747
747
761
1318
485
747
1318
483
500
500
763
763
763
747
761
747
747
1318
1318
485
483
500
500
763
763
763
747
747
747
761
1318
1318
485
483
500
500
763
763
763
747
761
747
747
1318
1318
485
483
500
500
763
763
763
747
747
747
761
1318
1318
485
483
500
500
763
763
763
747
747
761
1318
485
747
1318
500
500
483
763
763
763
747
747
747
761
1318
1318
485
483
500
500
763
763
763
747
761
747
747
1318
1318
485
483
500
500
763
763
763
747
761
747
1318
485
747
1318
483
500
500
763
763
763
747
761
747
747
1318
1318
485
483
500
500
763
763
763
747
747
761
1318
485
747
1318
483
500
500
763
763
763
747
761
747
747
1318
1318
485
500
483
500
763
763
763
747
761
747
747
1318
1318
485
483
500
500
763
763
763
747
761
747
747
1318
1318
485
483
500
500
763
763
763
747
761
747
747
1318
1318
485
483
500
500
763
763
763
747
747
747
761
1318
1318
485
483
500
500
763
763
763
747
747
761
1318
485
747
1318
500
500
483
763
763
763
747
761
747
747
1318
1318
485
483
500
500
763
763
763
747
747
761
485
747
1318
1318
483
500
500
763
763
763
747
747
761
1318
485
747
1318
483
500
500
763
763
763
747
761
747
747
1318
1318
485
483
500
500
763
763
763
747
761
747
1318
485
747
1318
483
500
500
763
763
763
747
747
761
1318
485
747
1318
483
500
500
763
763
763
747
747
761
1318
485
747
1318
483
500
500
763
763
763
747
747
761
1318
485
747
1318
483
500
500
763
763
763
747
747
761
1318
485
747
1318
483
500
500
763
763
763
747
761
747
747
1318
1318
485
483
500
500
763
763
763
747
747
761
1318
485
747
1318
500
500
483
763
763
763
747
761
747
747
1318
485
1318
483
500
500
763
763
763
747
761
747
747
1318
1318
485
483
500
500
763
763
763
747
747
747
761
1318
1318
485
483
500
500
763
763
763
747
747
761
1318
485
747
1318
483
500
500
763
763
763
747
747
747
761
1318
1318
485
483
500
500
763
763
763
747
761
747
747
1318
485
1318
483
500
500
763
763
763
747
761
747
747
1318
485
1318
483
500
500
763
763
763
747
747
761
1318
485
747
1318
483
500
500
763
763
763
747
761
747
747
1318
1318
485
483
500
500
763
763
763
747
747
761
1318
747
1318
485
500
500
483
763
763
763
747
747
747
761
1318
1318
485
483
500
500
763
763
763
747
747
761
1318
485
747
1318
483
500
500
763
763
763
747
747
761
1318
747
1318
485
500
483
500
763
763
763
747
747
747
761
1318
1318
485
500
500
483
763
763
763
747
747
761
747
1318
1318
485
483
500
500
763
763
763
747
761
747
1318
485
747
1318
500
500
483
763
763
763
747
747
761
1318
485
747
1318
483
500
500
763
763
763
747
761
747
747
1318
1318
485
483
500
500
763
763
763
747
761
747
747
1318
1318
485
483
500
500
763
763
763
747
747
761
747
1318
1318
485
483
500
500
763
763
763
747
761
747
747
1318
1318
485
483
500
500
763
763
763
747
747
761
1318
747
1318
485
483
500
500
763
763
763
747
747
761
1318
485
747
1318
483
500
500
763
763
763
747
747
761
1318
747
1318
485
483
500
500
763
763
763
747
747
761
747
1318
1318
485
500
483
500
763
763
763
747
747
761
1318
747
1318
485
483
500
500
763
763
763
747
747
761
1318
747
1318
485
500
483
500
763
763
763
747
761
747
747
1318
1318
485
483
500
500
763
763
763
747
747
761
1318
485
747
1318
483
500
500
763
763
763
747
761
747
747
1318
1318
485
483
500
500
763
763
763
747
761
747
747
1318
485
1318
483
500
500
763
763
763
747
747
761
1318
747
1318
485
483
500
500
763
763
763
747
747
747
761
1318
1318
485
483
500
500
763
763
763
747
747
761
747
1318
485
1318
483
500
500
763
763
763
747
761
747
747
1318
1318
485
483
500
500
763
763
763
747
761
747
747
1318
1318
485
483
500
500
763
763
763
747
747
747
761
1318
1318
485
483
500
500
763
763
763
747
761
747
747
1318
1318
485
483
500
500
763
763
763
747
761
747
747
1318
1318
485
483
500
500
763
763
763
747
747
761
1318
485
747
1318
483
500
500
763
763
763
747
747
747
761
1318
1318
485
483
500
500
763
763
763
747
761
747
747
1318
1318
485
483
500
500
763
763
763
747
747
761
1318
485
747
1318
483
500
500
763
763
763
747
747
761
1318
485
747
1318
500
483
500
763
763
763
747
747
761
747
1318
1318
485
483
500
500
763
763
763
747
747
761
1318
747
1318
485
483
500
500
763
763
763
747
761
747
747
1318
1318
485
483
500
500
763
763
763
747
761
747
747
1318
1318
485
483
500
500
763
763
763
747
747
761
1318
747
1318
485
483
500
500
763
763
763
747
747
747
761
1318
1318
485
483
500
500
763
763
763
747
747
761
1318
485
747
1318
483
500
500
763
763
763
747
761
747
747
1318
1318
485
483
500
500
763
763
763
747
747
761
1318
747
1318
485
483
500
500
763
763
763
747
747
747
761
1318
1318
485
483
500
500
763
763
763
747
747
761
1318
485
747
1318
500
483
500
763
763
763
747
747
761
747
1318
1318
485
483
500
500
763
763
763
747
761
747
747
1318
1318
485
483
500
500
763
763
763
747
747
747
761
1318
1318
485
483
500
500
763
763
763
747
747
761
1318
747
1318
485
483
500
500
763
763
763
747
747
761
1318
485
747
1318
483
500
500
763
763
763
747
747
747
761
1318
1318
485
500
500
483
763
763
763
747
747
761
1318
747
1318
485
483
500
500
763
763
763
747
747
747
761
1318
485
1318
483
500
500
763
763
763
747
747
747
761
1318
1318
485
500
500
483
763
763
763
747
761
485
747
747
1318
1318
483
500
500
763
763
763
747
761
747
747
1318
1318
485
483
500
500
763
763
763
747
747
747
761
1318
1318
485
483
500
500
763
763
763
747
747
761
1318
485
747
1318
483
500
500
763
763
763
747
761
747
747
1318
1318
485
483
500
500
763
763
763
747
747
761
1318
485
747
1318
483
500
500
763
763
763
747
761
747
747
1318
1318
485
483
500
500
763
763
763
747
747
747
761
1318
1318
485
483
500
500
763
763
763
747
747
747
761
1318
1318
485
483
500
500
763
763
763
747
747
747
761
1318
1318
485
483
500
500
763
763
763
747
761
747
747
1318
1318
485
483
500
500
763
763
763
747
761
747
747
1318
1318
485
483
500
500
763
763
763
747
747
747
761
1318
485
1318
483
500
500
763
763
763
747
747
761
747
1318
1318
485
483
500
500
763
763
763
747
747
761
747
1318
1318
485
500
500
483
763
763
763
747
761
747
747
1318
1318
485
483
500
500
763
763
763
747
747
761
1318
485
747
1318
483
500
500
763
763
763
747
761
747
747
1318
1318
485
483
500
500
763
763
763
747
761
747
747
1318
1318
485
483
500
500
763
763
763
747
747
761
1318
747
1318
485
483
500
500
763
763
763
747
747
761
1318
485
747
1318
483
500
500
763
763
763
747
761
747
1318
485
747
1318
500
500
483
763
763
763
747
747
747
761
1318
1318
485
483
500
500
763
763
763
747
761
747
1318
747
1318
485
483
500
500
763
763
763
747
761
747
1318
747
1318
485
483
500
500
763
763
763
747
761
747
1318
747
1318
485
483
500
500
763
763
763
747
761
747
747
1318
485
1318
500
483
500
763
763
763
747
761
747
747
1318
1318
485
500
500
483
763
763
763
747
761
747
1318
747
1318
485
500
500
483
763
763
763
747
761
747
1318
485
747
1318
500
500
483
763
763
763
747
761
747
747
1318
1318
485
483
500
500
763
763
763
747
761
747
1318
747
1318
485
483
500
500
763
763
763
747
761
747
1318
485
747
1318
483
500
500
763
763
763
747
747
761
747
1318
485
1318
483
500
500
763
763
763
747
761
747
1318
485
747
1318
483
500
500
763
763
763
747
747
761
1318
485
747
1318
483
500
500
763
763
763
747
747
747
761
1318
1318
485
483
500
500
763
763
763
747
747
761
485
747
1318
1318
483
500
500
763
763
763
747
761
747
1318
747
1318
485
483
500
500
763
763
763
747
747
761
1318
485
747
1318
483
500
500
763
763
763
747
747
761
1318
485
747
1318
483
500
500
763
763
763
747
747
761
1318
485
747
1318
483
500
500
763
763
763
747
747
761
1318
747
1318
485
483
500
500
763
763
763
747
761
747
747
1318
1318
485
483
500
500
763
763
763
747
747
747
761
1318
1318
485
483
500
500
763
763
763
747
747
761
1318
485
747
1318
500
500
483
763
763
763
747
761
747
747
1318
1318
485
483
500
500
763
763
763
747
761
747
747
1318
1318
485
483
500
500
763
763
763
747
761
747
747
1318
485
1318
483
500
500
763
763
763
747
761
747
1318
747
1318
485
483
500
500
763
763
763
747
761
747
1318
485
747
1318
500
500
483
763
763
763
747
761
747
1318
747
1318
485
483
500
500
763
763
763
747
761
747
1318
485
747
1318
483
500
500
763
763
763
747
761
747
747
1318
485
1318
483
500
500
763
763
763
747
761
747
1318
485
747
1318
483
500
500
763
763
763
747
747
761
1318
485
747
1318
500
483
500
763
763
763
747
747
761
1318
747
1318
485
500
500
483
763
763
763
747
761
485
747
747
1318
1318
483
500
500
763
763
763
747
761
747
747
1318
1318
485
483
500
500
763
763
763
747
747
761
1318
485
747
1318
483
500
500
763
763
763
747
747
761
747
1318
1318
485
500
483
500
763
763
763
747
761
747
747
1318
1318
485
483
500
500
763
763
763
747
761
747
747
1318
1318
485
483
500
500
763
763
763
747
761
747
1318
485
747
1318
483
500
500
763
763
763
747
747
761
1318
485
747
1318
483
500
500
763
763
763
747
761
747
747
1318
1318
485
483
500
500
763
763
763
747
761
747
1318
485
747
1318
500
500
483
763
763
763
747
747
761
1318
485
747
1318
500
483
500
763
763
763
747
761
747
1318
747
1318
485
483
500
500
763
763
763
747
747
761
747
1318
1318
485
483
500
500
763
763
763
747
747
761
1318
485
747
1318
483
500
500
763
763
763
747
761
747
1318
747
1318
485
483
500
500
763
763
763
747
761
747
1318
485
747
1318
483
500
500
763
763
763
747
761
747
747
1318
1318
485
483
500
500
763
763
763
747
761
747
485
747
1318
1318
483
500
500
763
763
763
747
747
761
1318
747
1318
485
483
500
500
763
763
763
747
761
747
1318
747
1318
485
483
500
500
763
763
763
747
761
747
1318
747
1318
485
483
500
500
763
763
763
747
761
747
1318
485
747
1318
483
500
500
763
763
763
747
761
747
1318
485
747
1318
483
500
500
763
763
763
747
747
761
1318
747
1318
485
483
500
500
763
763
763
747
761
747
1318
747
485
1318
483
500
500
763
763
763
747
747
761
1318
747
1318
485
483
500
500
763
763
763
747
747
761
1318
485
747
1318
483
500
500
763
763
763
747
747
761
1318
747
1318
485
748
748
755
755
763
748
748
762
763
755
762
483
500
500
763
755
762
763
762
763
763
763
747
747
761
485
747
1318
1318
483
500
500
763
763
763
747
761
747
747
1318
1318
485
483
500
500
763
763
763
747
747
761
1318
485
747
1318
483
500
500
763
763
763
747
747
761
747
1318
485
1318
483
500
500
763
763
763
747
761
747
747
1318
1318
485
483
500
500
763
763
763
747
747
747
761
1318
1318
485
483
500
500
763
763
763
747
761
747
747
1318
1318
485
483
500
500
763
763
763
747
761
747
747
1318
1318
485
483
500
500
763
763
763
747
747
761
1318
485
747
1318
483
500
500
763
763
763
747
747
761
485
747
1318
1318
483
500
500
763
763
763
747
747
761
1318
485
747
1318
483
500
500
763
763
763
747
761
485
747
747
1318
1318
483
500
500
763
763
763
747
747
761
485
747
1318
1318
483
500
500
763
763
763
747
747
761
485
747
1318
1318
483
500
500
763
763
763
747
747
747
761
1318
1318
485
500
483
500
500
763
763
763
747
747
747
761
1318
485
1318
483
500
500
763
763
763
747
747
747
761
1318
1318
485
483
500
500
763
763
763
747
747
761
1318
485
747
1318
483
500
500
763
763
763
747
761
485
747
747
1318
1318
483
500
500
763
763
763
747
761
747
747
1318
1318
485
500
500
483
763
763
763
747
747
747
761
1318
1318
485
483
500
500
763
763
763
747
747
747
761
1318
1318
485
483
500
500
763
763
763
747
747
761
1318
485
747
1318
500
483
500
763
763
763
747
747
747
761
1318
1318
485
483
500
500
763
763
763
747
747
747
761
1318
1318
485
483
500
500
763
763
763
747
747
761
747
1318
1318
485
483
500
500
763
763
763
747
761
485
747
747
1318
1318
483
500
500
763
763
763
747
747
761
1318
485
747
1318
483
500
500
763
763
763
747
747
761
1318
485
747
1318
483
500
500
763
763
763
747
761
747
747
1318
1318
485
483
500
500
763
763
763
747
747
747
761
1318
1318
485
483
500
500
763
763
763
747
747
761
1318
485
747
1318
500
500
483
763
763
763
747
747
747
761
1318
485
1318
483
500
500
763
763
763
747
747
747
761
1318
485
1318
500
483
500
763
763
763
747
747
761
1318
485
747
1318
483
500
500
763
763
763
747
747
761
1318
485
747
1318
483
500
500
763
763
763
747
747
761
1318
485
747
1318
483
500
500
763
763
763
485
747
747
747
761
1318
1318
483
500
500
763
763
763
747
747
761
485
747
1318
1318
483
500
500
763
763
763
747
747
761
1318
485
747
1318
483
500
500
763
763
763
747
747
747
761
1318
1318
-1
485
500
483
500
763
763
763
747
761
747
747
1318
1318
485
483
500
500
763
763
763
747
747
761
1318
747
1318
485
483
500
500
763
763
763
747
747
747
761
1318
1318
485
483
500
500
763
763
763
747
747
761
1318
485
747
1318
483
500
500
763
763
763
747
747
761
1318
747
1318
485
483
500
500
763
763
763
747
747
747
761
1318
485
1318
500
483
500
763
763
763
747
761
747
747
1318
1318
485
483
500
500
763
763
763
747
747
761
1318
747
1318
485
483
500
500
763
763
763
747
747
747
761
1318
1318
485
500
500
483
763
763
763
747
747
761
1318
747
1318
485
483
500
500
763
763
763
747
747
747
761
1318
1318
485
483
500
500
763
763
763
747
761
747
747
1318
1318
485
500
500
483
763
763
763
747
761
747
747
1318
1318
485
500
500
483
763
763
763
747
747
761
1318
485
747
1318
483
500
500
763
763
763
747
747
761
1318
747
1318
485
483
500
500
763
763
763
747
747
761
1318
485
747
1318
483
500
500
763
763
763
747
747
761
1318
747
1318
485
500
483
500
763
763
763
747
761
747
747
1318
1318
485
483
500
500
763
763
763
747
747
761
1318
747
1318
485
500
500
483
763
763
763
747
747
761
1318
485
747
1318
500
483
500
763
763
763
747
747
761
1318
485
747
1318
483
500
500
763
763
763
747
761
747
747
1318
1318
485
483
500
500
763
763
763
747
747
761
1318
485
747
1318
500
500
483
763
763
763
747
747
761
1318
485
747
1318
483
500
500
763
763
763
747
761
747
747
1318
1318
485
483
500
500
763
763
763
747
747
761
747
1318
1318
485
483
500
500
763
763
763
747
747
761
1318
747
1318
485
483
500
500
763
763
763
747
747
761
1318
747
1318
485
483
500
500
763
763
763
747
761
747
747
1318
485
1318
483
500
500
763
763
763
747
761
747
747
1318
1318
485
483
500
500
763
763
763
747
747
747
761
1318
1318
485
483
500
500
763
763
763
747
747
761
1318
485
747
1318
483
500
500
763
763
763
747
747
761
1318
747
1318
485
483
500
500
763
763
763
747
747
747
761
1318
485
1318
483
500
500
763
763
763
747
761
747
747
1318
1318
485
483
500
500
763
763
763
747
747
761
1318
747
1318
485
483
500
500
763
763
763
747
761
747
747
1318
1318
485
483
500
500
763
763
763
747
761
747
747
1318
1318
485
483
500
500
763
763
763
747
761
747
747
1318
485
1318
483
500
500
763
763
763
747
747
761
1318
485
747
1318
483
500
500
763
763
763
747
761
747
747
1318
1318
485
483
500
500
763
763
763
747
747
761
1318
747
1318
485
500
500
483
763
763
763
747
747
761
1318
747
1318
485
483
500
500
763
763
763
747
761
747
747
1318
1318
485
500
500
483
763
763
763
747
761
747
1318
747
1318
485
483
500
500
763
763
763
747
747
761
1318
747
1318
485
483
500
500
763
763
763
747
747
761
1318
485
747
1318
483
500
500
763
763
763
747
761
747
1318
485
747
1318
483
500
500
763
763
763
747
761
747
747
1318
1318
485
483
500
500
763
763
763
747
747
761
747
1318
1318
485
483
500
500
763
763
763
747
761
747
747
1318
1318
485
500
500
483
763
763
763
747
761
747
747
1318
1318
485
500
483
500
763
763
763
747
747
761
1318
747
1318
485
483
500
500
763
763
763
747
761
747
747
1318
1318
485
483
500
500
763
763
763
747
761
747
747
1318
1318
485
483
500
500
763
763
763
747
747
747
761
1318
1318
485
483
500
500
763
763
763
747
761
747
747
1318
1318
485
483
500
500
763
763
763
747
747
761
1318
485
747
1318
483
500
500
763
763
763
747
747
761
1318
485
747
1318
483
500
500
763
763
763
747
747
761
1318
747
1318
485
500
500
483
763
763
763
747
747
761
1318
485
747
1318
483
500
500
763
763
763
747
747
761
1318
485
747
1318
483
500
500
763
763
763
747
747
747
761
1318
1318
485
483
500
500
763
763
763
747
747
747
761
1318
485
1318
483
500
500
763
763
763
747
747
761
1318
485
747
1318
483
500
500
763
763
763
747
747
761
1318
485
747
1318
500
500
483
763
763
763
747
747
747
761
1318
1318
485
483
500
500
763
763
763
747
747
761
1318
485
747
1318
483
500
500
763
763
763
747
747
761
747
1318
1318
485
483
500
500
763
763
763
747
761
747
747
1318
1318
485
500
483
500
763
763
763
747
761
747
747
1318
1318
485
483
500
500
763
763
763
747
747
761
1318
747
1318
485
500
500
483
763
763
763
747
747
747
761
1318
485
1318
483
500
500
763
763
763
747
747
761
1318
747
1318
485
483
500
500
763
763
763
747
747
761
1318
747
1318
485
483
500
500
763
763
763
747
747
747
761
1318
485
1318
483
500
500
763
763
763
747
747
761
1318
747
1318
485
500
500
483
763
763
763
747
747
761
1318
747
1318
485
483
500
500
763
763
763
747
761
747
1318
485
747
1318
483
500
500
763
763
763
747
747
747
761
1318
1318
485
483
500
500
763
763
763
747
747
761
1318
747
1318
485
483
500
500
763
763
763
747
761
747
747
1318
1318
485
483
500
500
763
763
763
747
761
747
747
1318
1318
485
483
500
500
763
763
763
747
747
761
1318
485
747
1318
483
500
500
763
763
763
747
761
747
747
1318
1318
485
483
500
500
763
763
763
747
747
747
761
1318
485
1318
483
500
500
763
763
763
747
747
761
1318
485
747
1318
483
500
500
763
763
763
747
747
761
1318
485
747
1318
483
500
500
763
763
763
747
747
761
747
1318
1318
485
483
500
500
763
763
763
747
761
747
747
1318
485
1318
483
500
500
763
763
763
747
747
761
1318
747
1318
485
483
500
500
763
763
763
747
747
761
747
1318
1318
485
500
500
483
763
763
763
747
747
747
761
1318
485
1318
483
500
500
763
763
763
747
761
747
747
1318
1318
485
500
500
483
763
763
763
747
761
747
1318
485
747
1318
483
500
500
763
763
763
747
761
747
747
1318
1318
485
483
500
500
763
763
763
747
747
761
1318
485
747
1318
483
500
500
763
763
763
747
747
761
747
1318
1318
485
483
500
500
763
763
763
747
747
747
761
1318
1318
485
483
500
500
763
763
763
747
761
747
747
1318
1318
485
500
483
500
763
763
763
747
761
747
1318
485
747
1318
483
500
500
763
763
763
747
747
761
1318
747
1318
485
483
500
500
763
763
763
747
747
761
1318
485
747
1318
500
483
500
763
763
763
747
747
761
1318
747
1318
485
483
500
500
763
763
763
747
747
761
1318
485
747
1318
483
500
500
763
763
763
747
761
747
747
1318
1318
485
500
500
483
763
763
763
747
747
747
761
1318
1318
485
483
500
500
763
763
763
747
761
747
747
1318
1318
485
500
500
483
763
763
763
747
747
761
1318
485
747
1318
483
500
500
763
763
763
747
747
761
1318
485
747
1318
483
500
500
763
763
763
747
747
761
1318
747
1318
485
483
500
500
763
763
763
747
747
761
1318
485
747
1318
483
500
500
763
763
763
747
747
761
1318
485
747
1318
483
500
500
763
763
763
747
761
747
747
1318
1318
485
483
500
500
763
763
763
747
761
747
747
1318
1318
485
500
500
483
763
763
763
747
747
761
747
1318
1318
485
500
500
483
763
763
763
747
761
747
747
1318
1318
485
483
500
500
763
763
763
747
747
747
761
1318
1318
485
483
500
500
763
763
763
747
747
761
1318
485
747
1318
483
500
500
763
763
763
747
747
761
485
747
1318
1318
483
500
500
763
763
763
747
747
761
1318
485
747
1318
483
500
500
763
763
763
747
761
747
747
1318
1318
485
483
500
500
763
763
763
747
747
761
1318
747
1318
485
483
500
500
763
763
763
747
747
761
1318
747
1318
485
483
500
500
763
763
763
747
761
485
747
747
1318
1318
483
500
500
763
763
763
747
747
761
747
1318
1318
485
483
500
500
763
763
763
747
747
747
761
1318
1318
485
483
500
500
763
763
763
747
761
747
747
1318
1318
485
483
500
500
763
763
763
747
747
761
1318
485
747
1318
483
500
500
763
763
763
747
747
761
485
747
1318
1318
500
500
483
763
763
763
747
747
761
1318
485
747
1318
483
500
500
763
763
763
747
747
761
1318
485
747
1318
483
500
500
763
763
763
747
747
761
1318
485
747
1318
483
500
500
763
763
763
747
747
747
761
1318
1318
485
483
500
500
763
763
763
747
747
761
1318
485
747
1318
483
500
500
763
763
763
747
761
747
747
1318
1318
485
483
500
500
763
763
763
747
761
747
747
1318
1318
485
483
500
500
763
763
763
747
747
761
1318
485
747
1318
483
500
500
763
763
763
747
747
761
1318
485
747
1318
500
483
500
763
763
763
747
761
485
747
747
1318
1318
483
500
500
763
763
763
747
747
761
1318
485
747
1318
483
500
500
763
763
763
747
747
747
761
1318
485
1318
483
500
500
763
763
763
747
747
761
1318
485
747
1318
483
500
500
763
763
763
747
761
747
747
1318
1318
485
483
500
500
763
763
763
747
747
761
1318
485
747
1318
483
500
500
763
763
763
747
747
761
1318
485
747
1318
483
500
500
763
763
763
747
761
747
747
1318
1318
485
748
755
763
762
500
500
500
500
748
748
755
755
763
763
762
762
748
748
755
762
763
755
762
763
0
0
0
0
0
0
0
0
0
0
0
0
0
0
1343
0
0
0
0
0
0
0
0
0
0
0
0
0
0
0
0
0
0
0
0
0
0
0
0
0
0
0
0
0
0
0
0
0
0
0
0
1308
1307
0
0
0
0
801
802
803
836
802
840
804
-1
-1
855
-1
-1
-1
855
-1
-1
-1
-1
-1
-1
-1
-1
-1
-1
-1
-1
813
811
-1
-1
-1
-1
842
-1
