-1
386
850
871
872
873
846
851
884
481
482
1317
1341
859
862
860
860
860
860
860
860
864
863
1313
1314
1315
1316
1341
385
385
385
385
385
1339
1340
800
827
824
838
826
-1
814
814
-1
745
881
881
881
505
506
495
496
878
-1
877
-1
494
490
490
490
490
490
498
498
498
490
490
490
796
796
796
796
877
878
-1
-1
795
795
795
845
856
857
877
878
-1
-1
858
858
858
834
835
877
878
-1
-1
511
806
807
841
809
810
808
805
812
804
828
825
844
847
849
865
870
833
843
503
493
486
487
489
497
490
488
490
490
490
490
867
869
848
797
837
799
502
-1
386
-1
386
-1
386
777
871
872
873
777
777
745
746
745
754
767
871
760
750
759
871
1317
872
873
872
873
1341
859
862
860
860
860
863
1313
1314
1315
1316
385
385
745
745
746
745
754
746
767
745
754
767
760
750
759
760
750
759
385
385
385
1317
1317
1338
794
770
387
884
1341
859
1341
862
860
860
860
859
865
862
860
860
860
870
863
1313
863
1313
1314
1315
1316
385
385
1314
1315
1316
385
760
385
385
764
766
385
385
753
385
867
869
385
385
1338
1338
794
770
387
884
794
770
387
884
865
870
865
749
870
744
760
511
-1
510
764
760
766
753
764
867
869
766
753
867
869
749
744
749
744
511
-1
510
511
-1
510
507
508
509
512
507
508
509
512
765
507
512
508
509
-1
386
757
788
781
782
793
786
783
787
1337
789
792
778
784
790
791
777
776
775
773
771
1335
751
-1
871
765
484
501
874
752
756
873
872
504
388
389
758
768
765
800
757
788
781
782
793
786
783
787
1337
789
778
784
792
790
777
791
776
775
773
771
1335
-1
751
757
788
484
501
874
752
756
504
388
389
758
768
781
782
793
786
783
787
1337
789
792
778
784
777
790
791
776
775
773
771
1335
751
-1
511
827
824
826
838
-1
814
814
-1
484
501
874
752
756
745
881
881
881
505
506
495
496
878
-1
877
-1
494
490
504
498
498
498
490
490
490
490
490
490
490
388
389
768
758
796
796
796
796
795
795
795
845
877
878
-1
-1
856
857
877
878
-1
-1
858
858
858
-1
-1
481
482
1317
1341
859
862
860
860
860
860
860
860
863
1313
1314
1315
1316
1341
385
385
385
854
385
385
-1
386
1009
480
479
1090
480
912
903
1084
1086
1079
906
901
1012
907
908
910
909
871
873
872
916
902
904
1009
1042
1077
881
881
881
882
480
1049
1049
1067
1069
1065
1060
1060
1016
1061
1070
1058
1078
479
986
989
1319
1011
1317
1341
859
862
860
860
860
860
860
860
1091
863
1313
1314
1315
1316
1341
876
875
876
385
385
385
1092
385
385
865
870
911
867
869
1010
1020
1087
876
1019
1085
1088
875
876
1019
1088
-1
888
386
913
914
915
-1
905
1077
386
865
870
911
867
869
865
884
870
-1
911
867
869
386
865
870
867
911
869
978
979
980
893
892
891
894
895
899
900
983
889
890
871
978
979
980
872
873
982
978
979
980
925
925
1089
-1
898
897
933
962
896
958
976
977
479
1090
969
970
971
967
972
975
967
937
479
1090
929
1010
1018
927
865
893
892
891
895
899
894
900
983
889
890
870
893
892
895
891
894
899
900
983
871
889
890
911
867
869
984
865
870
911
867
869
960
934
935
1353
985
871
1317
872
873
982
925
925
872
873
982
925
1341
859
-1
898
897
933
962
862
860
860
860
860
860
860
925
896
958
976
977
-1
898
897
933
962
479
1090
969
970
971
967
972
975
967
937
479
1090
929
896
958
976
977
927
479
1090
969
970
971
967
972
975
967
937
479
1090
929
927
865
865
870
870
911
867
869
984
865
870
911
867
869
960
934
935
1353
985
911
867
869
984
865
870
1317
867
869
911
960
934
935
1353
863
985
1091
1313
1314
1315
1316
1317
1341
385
385
1341
859
862
860
860
860
860
860
860
1341
859
862
860
860
860
860
860
860
1091
863
1313
1314
1315
1316
863
1091
1313
1341
1314
1315
1316
385
385
1341
385
385
385
1092
385
385
928
885
884
385
1013
1048
1092
385
385
385
1092
385
385
928
1053
885
928
384
930
384
885
884
884
1013
1048
1053
1013
1048
1053
384
930
384
384
930
384
500
500
483
763
763
763
747
761
747
1318
747
1318
485
483
500
500
763
763
763
747
761
747
1318
747
1318
485
500
500
483
763
763
763
747
761
747
1318
747
1318
485
483
500
500
763
763
763
747
761
747
1318
747
1318
485
483
500
500
763
763
763
747
761
747
1318
747
1318
485
500
500
483
763
763
763
747
761
747
1318
747
1318
485
483
500
500
763
763
763
747
761
747
1318
747
1318
485
483
500
500
763
763
763
747
761
747
1318
747
1318
485
483
500
500
763
763
763
747
761
747
747
1318
485
1318
483
500
500
763
763
763
747
761
747
1318
747
1318
485
483
500
500
763
763
763
747
761
747
1318
747
1318
485
500
500
483
763
763
763
747
761
747
1318
747
1318
485
500
483
500
763
763
763
747
761
747
1318
747
1318
485
500
483
500
763
763
763
747
747
761
747
1318
1318
485
500
500
483
763
763
763
747
761
747
1318
747
1318
485
483
500
500
763
763
763
747
761
747
1318
747
1318
485
483
500
500
763
763
763
747
761
747
1318
747
1318
485
500
500
483
763
763
763
747
761
747
1318
747
1318
485
500
483
500
763
763
763
747
761
747
1318
747
1318
485
500
483
500
763
763
763
747
761
747
1318
747
1318
485
483
500
500
763
763
763
747
761
747
747
1318
485
1318
483
500
500
763
763
763
747
747
761
1318
747
485
1318
483
500
500
763
763
763
747
747
761
747
1318
1318
485
483
500
500
763
763
763
747
761
747
1318
747
1318
485
483
500
500
763
763
763
747
761
747
1318
747
1318
485
483
500
500
763
763
763
747
761
747
1318
747
1318
485
483
500
500
763
763
763
747
761
747
1318
747
1318
485
483
500
500
763
763
763
747
761
747
1318
747
1318
485
483
500
500
763
763
763
747
747
761
1318
747
1318
485
483
500
500
763
763
763
747
747
761
1318
747
1318
485
483
500
500
763
763
763
747
747
761
1318
747
1318
485
483
500
500
763
763
763
747
761
747
1318
747
485
1318
500
500
483
763
763
763
747
761
747
1318
747
1318
485
483
500
500
763
763
763
747
761
747
1318
747
1318
485
500
500
483
763
763
763
747
761
747
1318
747
1318
485
500
483
500
763
763
763
747
747
761
1318
747
1318
485
500
483
500
763
763
763
747
761
747
747
1318
485
1318
500
500
483
763
763
763
747
761
747
1318
747
1318
485
483
500
500
763
763
763
747
761
747
747
1318
485
1318
500
483
500
763
763
763
747
747
761
1318
747
1318
485
483
500
500
763
763
763
747
761
747
747
1318
1318
485
483
500
500
763
763
763
747
761
747
1318
747
1318
485
483
500
500
763
763
763
747
761
747
1318
747
1318
485
483
500
500
763
763
763
747
747
761
1318
747
1318
485
500
483
500
763
763
763
747
761
747
747
1318
485
1318
500
500
483
763
763
763
747
747
761
747
1318
1318
485
483
500
500
763
763
763
747
747
761
1318
485
747
1318
483
500
500
763
763
763
747
761
747
1318
747
1318
485
483
500
500
763
763
763
747
761
747
747
1318
1318
485
483
500
500
763
763
763
747
761
747
747
1318
1318
485
500
500
483
763
763
763
747
761
747
1318
747
1318
485
500
483
500
763
763
763
747
747
761
1318
747
1318
485
483
500
500
763
763
763
747
761
747
1318
747
1318
485
483
500
500
763
763
763
747
747
761
1318
747
1318
485
483
500
500
763
763
763
747
761
747
1318
485
747
1318
483
500
500
763
763
763
747
747
761
1318
747
1318
485
483
500
500
763
763
763
747
761
747
1318
747
1318
485
483
500
500
763
763
763
747
761
747
747
1318
485
1318
483
500
500
763
763
763
747
761
747
747
1318
1318
485
483
500
500
763
763
763
747
747
761
1318
747
1318
485
483
500
500
763
763
763
747
747
761
1318
747
485
1318
483
500
500
763
763
763
747
761
747
1318
485
747
1318
483
500
500
763
763
763
747
761
747
1318
747
1318
485
500
500
483
763
763
763
747
761
747
1318
485
747
1318
483
500
500
763
763
763
747
747
761
1318
747
1318
485
500
500
483
763
763
763
747
747
761
1318
485
747
1318
500
500
483
763
763
763
747
761
747
1318
747
485
1318
483
500
500
763
763
763
747
761
747
1318
747
1318
485
483
500
500
763
763
763
747
761
747
1318
485
747
1318
500
483
500
763
763
763
747
747
747
761
1318
1318
485
483
500
500
763
763
763
747
761
747
1318
747
1318
485
483
500
500
763
763
763
747
747
761
1318
747
1318
485
483
500
500
763
763
763
747
761
747
747
1318
485
1318
483
500
500
763
763
763
747
747
761
1318
485
747
1318
500
500
483
763
763
763
747
761
747
747
1318
1318
485
500
500
483
763
763
763
747
761
747
747
1318
1318
485
483
500
500
763
763
763
747
747
761
1318
747
1318
485
483
500
500
763
763
763
747
747
761
1318
747
1318
485
483
500
500
763
763
763
747
761
747
1318
747
1318
485
483
500
500
763
763
763
747
747
761
1318
485
747
1318
483
500
500
763
763
763
747
761
747
1318
485
747
1318
483
500
500
763
763
763
747
747
761
747
1318
1318
485
500
500
483
763
763
763
747
747
761
1318
747
1318
485
483
500
500
763
763
763
747
761
747
747
1318
485
1318
500
500
483
763
763
763
747
747
761
1318
747
485
1318
483
500
500
763
763
763
747
747
761
1318
747
1318
485
483
500
500
763
763
763
747
747
761
1318
747
1318
485
500
483
500
763
763
763
747
761
747
1318
485
747
1318
500
500
483
763
763
763
747
747
747
761
1318
485
1318
483
500
500
763
763
763
747
747
761
1318
747
1318
485
483
500
500
763
763
763
747
761
747
747
1318
1318
485
483
500
500
763
763
763
747
747
761
747
1318
1318
485
483
500
500
763
763
763
747
761
747
747
1318
1318
485
483
500
500
763
763
763
747
761
747
1318
747
1318
485
483
500
500
763
763
763
747
747
761
1318
485
747
1318
483
500
500
763
763
763
747
747
761
1318
747
1318
485
483
500
500
763
763
763
747
747
761
1318
747
1318
485
483
500
500
763
763
763
747
747
761
1318
485
747
1318
483
500
500
763
763
763
747
761
747
747
1318
1318
485
483
500
500
763
763
763
747
761
747
1318
747
1318
485
483
500
500
763
763
763
747
761
747
1318
747
1318
485
483
500
500
763
763
763
747
761
747
1318
747
1318
485
483
500
500
763
763
763
747
747
761
1318
485
747
1318
483
500
500
763
763
763
747
761
747
747
1318
1318
485
483
500
500
763
763
763
747
747
761
1318
747
1318
485
500
483
500
763
763
763
747
761
747
747
1318
1318
485
500
500
483
763
763
763
747
761
747
1318
747
1318
485
483
500
500
763
763
763
747
761
747
747
1318
1318
485
500
500
483
763
763
763
747
761
747
747
1318
485
1318
483
500
500
763
763
763
747
747
761
747
1318
1318
485
483
500
500
763
763
763
747
747
747
761
1318
485
1318
483
500
500
763
763
763
747
747
761
747
1318
1318
485
483
500
500
763
763
763
747
761
747
747
1318
1318
485
483
500
500
763
763
763
747
747
761
1318
747
1318
485
483
500
500
763
763
763
747
761
747
747
1318
1318
485
483
500
500
763
763
763
747
761
747
1318
747
1318
485
483
500
500
763
763
763
747
761
747
1318
485
747
1318
500
500
483
763
763
763
747
761
747
747
1318
1318
485
483
500
500
763
763
763
747
761
747
1318
747
1318
485
483
500
500
763
763
763
747
747
761
1318
747
1318
485
500
483
500
763
763
763
747
761
747
747
1318
1318
485
483
500
500
763
763
763
747
747
761
1318
747
1318
485
483
500
500
763
763
763
747
761
747
747
1318
1318
485
483
500
500
763
763
763
747
761
747
747
1318
485
1318
483
500
500
763
763
763
747
761
747
1318
747
1318
485
483
500
500
763
763
763
747
761
747
747
1318
1318
485
483
500
500
763
763
763
747
761
747
1318
747
1318
485
483
500
500
763
763
763
747
761
747
747
1318
1318
485
483
500
500
763
763
763
747
761
747
1318
747
1318
485
483
500
500
763
763
763
747
747
761
1318
747
1318
485
483
500
500
763
763
763
747
747
761
1318
485
747
1318
483
500
500
763
763
763
747
747
761
747
1318
1318
485
483
500
500
763
763
763
747
761
747
747
1318
1318
485
500
500
483
763
763
763
747
747
761
1318
485
747
1318
483
500
500
763
763
763
747
761
747
747
1318
1318
485
483
500
500
763
763
763
747
747
761
1318
485
747
1318
483
500
500
763
763
763
747
747
747
761
1318
1318
485
483
500
500
763
763
763
747
747
761
747
1318
1318
485
483
500
500
763
763
763
747
747
761
1318
747
1318
485
483
500
500
763
763
763
747
747
761
485
747
1318
1318
483
500
500
763
763
763
747
761
747
747
1318
1318
485
483
500
500
763
763
763
747
747
761
1318
747
1318
485
483
500
500
763
763
763
747
761
747
1318
747
1318
485
483
500
500
763
763
763
747
761
747
1318
747
1318
485
483
500
500
763
763
763
747
761
747
747
1318
1318
485
483
500
500
763
763
763
747
747
761
1318
747
1318
485
500
500
483
763
763
763
747
747
761
1318
485
747
1318
483
500
500
763
763
763
747
747
747
761
1318
485
1318
483
500
500
763
763
763
747
761
747
747
1318
1318
485
483
500
500
763
763
763
747
747
761
485
747
1318
1318
483
500
500
763
763
763
747
747
761
485
747
1318
1318
483
500
500
763
763
763
747
747
761
1318
485
747
1318
500
500
483
763
763
763
747
761
747
1318
485
747
1318
483
500
500
763
763
763
747
747
761
1318
747
1318
485
483
500
500
763
763
763
747
761
747
1318
485
747
1318
483
500
500
763
763
763
747
747
747
761
1318
1318
485
500
500
483
763
763
763
747
747
761
1318
485
747
1318
483
500
500
763
763
763
747
747
761
747
1318
1318
485
483
500
500
763
763
763
747
747
761
1318
485
747
1318
483
500
500
763
763
763
747
747
761
1318
485
747
1318
483
500
500
763
763
763
747
761
747
1318
747
1318
485
483
500
500
763
763
763
747
761
747
747
1318
1318
485
483
500
500
763
763
763
747
761
747
747
1318
1318
485
483
500
500
763
763
763
747
747
747
761
1318
485
1318
483
500
500
763
763
763
747
747
761
1318
485
747
1318
483
500
500
763
763
763
747
747
761
1318
747
1318
485
483
500
500
763
763
763
747
747
761
747
1318
1318
485
500
500
483
763
763
763
747
747
761
1318
485
747
1318
483
500
500
763
763
763
747
761
747
747
1318
1318
485
500
500
483
763
763
763
747
747
747
761
1318
1318
485
483
500
500
763
763
763
747
747
761
1318
747
1318
485
483
500
500
763
763
763
747
747
761
1318
485
747
1318
483
500
500
763
763
763
747
761
747
747
1318
1318
485
500
500
483
763
763
763
747
747
761
1318
747
1318
485
483
500
500
763
763
763
747
761
747
747
1318
1318
485
483
500
500
763
763
763
747
761
747
747
1318
1318
485
483
500
500
763
763
763
747
747
747
761
1318
485
1318
483
500
500
763
763
763
747
761
747
1318
747
1318
485
500
500
483
763
763
763
747
761
747
747
1318
1318
485
483
500
500
763
763
763
747
747
761
485
747
1318
1318
483
500
500
763
763
763
747
761
747
747
1318
1318
485
483
500
500
763
763
763
747
761
747
747
1318
1318
485
483
500
500
763
763
763
747
747
761
1318
485
747
1318
483
500
500
763
763
763
747
761
747
747
1318
1318
485
483
500
500
763
763
763
747
761
747
747
1318
1318
485
500
483
500
763
763
763
747
761
747
747
1318
1318
485
483
500
500
763
763
763
747
747
747
761
1318
485
1318
483
500
500
763
763
763
747
761
747
747
1318
1318
485
483
500
500
763
763
763
747
747
761
1318
747
1318
485
483
500
500
763
763
763
747
747
761
1318
747
1318
485
483
500
500
763
763
763
747
747
747
761
1318
485
1318
483
500
500
763
763
763
747
761
747
747
1318
485
1318
483
500
500
763
763
763
747
747
761
1318
485
747
1318
483
500
500
763
763
763
747
747
747
761
1318
1318
485
500
500
483
763
763
763
747
747
761
1318
485
747
1318
483
500
500
763
763
763
747
747
761
1318
485
747
1318
483
500
500
763
763
763
747
747
747
761
1318
1318
485
483
500
500
763
763
763
747
747
761
1318
485
747
1318
483
500
500
763
763
763
747
747
761
1318
485
747
1318
483
500
500
763
763
763
747
747
761
485
747
1318
1318
483
500
500
763
763
763
747
747
761
1318
485
747
1318
483
500
500
763
763
763
747
747
747
761
1318
485
1318
483
500
500
763
763
763
747
747
761
747
1318
1318
485
483
500
500
763
763
763
747
747
761
747
1318
485
1318
483
500
500
763
763
763
747
747
761
485
747
1318
1318
483
500
500
763
763
763
747
761
747
747
1318
1318
485
483
500
500
763
763
763
747
761
747
747
1318
1318
485
500
483
500
763
763
763
747
747
761
1318
485
747
1318
483
500
500
763
763
763
747
761
747
747
1318
1318
485
483
500
500
763
763
763
747
761
747
747
1318
1318
485
483
500
500
763
763
763
747
747
761
1318
485
747
1318
483
500
500
763
763
763
747
761
747
1318
485
747
1318
483
500
500
763
763
763
747
761
747
747
1318
1318
485
483
500
500
763
763
763
747
747
761
747
1318
1318
485
483
500
500
763
763
763
747
747
761
485
747
1318
1318
483
500
500
763
763
763
747
747
761
1318
747
1318
485
483
500
500
763
763
763
747
761
747
747
1318
1318
485
483
500
500
763
763
763
747
761
747
747
1318
1318
485
483
500
500
763
763
763
747
747
747
761
1318
1318
485
483
500
500
763
763
763
747
747
761
1318
485
747
1318
483
500
500
763
763
763
747
761
747
747
1318
1318
485
483
500
500
763
763
763
747
747
761
485
747
1318
1318
483
500
500
763
763
763
747
747
747
761
1318
1318
485
483
500
500
763
763
763
747
761
747
1318
485
747
1318
483
500
500
763
763
763
747
747
761
1318
747
1318
485
483
500
500
763
763
763
747
747
761
485
747
1318
1318
483
500
500
763
763
763
747
747
761
1318
485
747
1318
483
500
500
763
763
763
747
747
761
1318
485
747
1318
483
500
500
763
763
763
747
747
761
485
747
1318
1318
483
500
500
763
763
763
747
761
747
747
1318
1318
485
483
500
500
763
763
763
747
485
747
747
761
1318
1318
483
500
500
763
763
763
747
761
747
747
1318
1318
485
483
500
500
763
763
763
747
747
761
1318
485
747
1318
483
500
500
763
763
763
747
747
761
1318
485
747
1318
483
500
500
763
763
763
747
761
747
747
1318
1318
485
483
500
500
763
763
763
747
761
747
747
1318
485
1318
483
500
500
763
763
763
747
747
761
747
1318
485
1318
500
500
483
763
763
763
747
747
761
1318
747
1318
485
483
500
500
763
763
763
747
761
747
1318
485
747
1318
483
500
500
763
763
763
747
747
761
747
1318
1318
485
483
500
500
763
763
763
747
747
761
1318
485
747
1318
483
500
500
763
763
763
747
761
747
1318
747
1318
485
483
500
500
763
763
763
747
747
761
747
1318
1318
485
483
500
500
763
763
763
747
747
761
747
1318
1318
485
483
500
500
763
763
763
747
747
761
485
747
1318
1318
483
500
500
763
763
763
747
761
747
1318
485
747
1318
483
500
500
763
763
763
747
761
747
747
1318
1318
485
483
500
500
763
763
763
747
747
761
747
1318
1318
485
483
500
500
763
763
763
747
761
747
747
1318
1318
485
483
500
500
763
763
763
747
747
761
1318
747
1318
485
483
500
500
763
763
763
747
761
747
1318
747
1318
485
483
500
500
763
763
763
747
747
761
747
1318
1318
485
483
500
500
763
763
763
747
747
761
1318
747
1318
485
483
500
500
763
763
763
747
761
747
1318
747
1318
485
483
500
500
763
763
763
747
747
761
1318
747
1318
485
500
500
483
763
763
763
747
747
761
1318
747
1318
485
483
500
500
763
763
763
747
747
761
1318
747
1318
485
500
500
483
763
763
763
747
761
747
747
1318
1318
485
483
500
500
763
763
763
747
747
761
1318
747
1318
485
483
500
500
763
763
763
747
747
761
1318
747
1318
485
483
500
500
763
763
763
747
747
761
1318
485
747
1318
500
500
483
763
763
763
747
761
747
747
1318
485
1318
483
500
500
763
763
763
747
761
747
747
1318
485
1318
483
500
500
763
763
763
747
747
761
1318
747
1318
485
483
500
500
763
763
763
747
747
761
1318
485
747
1318
483
500
500
763
763
763
747
747
761
1318
485
747
1318
500
500
483
763
763
763
747
761
747
747
1318
1318
485
500
500
483
763
763
763
747
747
761
1318
485
747
1318
483
500
500
763
763
763
747
747
761
747
1318
1318
485
500
483
500
763
763
763
747
747
761
747
1318
1318
485
483
500
500
763
763
763
747
747
761
1318
747
1318
485
500
483
500
763
763
763
747
761
747
1318
747
1318
485
483
500
500
763
763
763
747
747
747
761
1318
485
1318
483
500
500
763
763
763
747
747
761
1318
485
747
1318
483
500
500
763
763
763
747
747
761
1318
485
747
1318
483
500
500
763
763
763
747
747
747
761
1318
1318
485
483
500
500
763
763
763
747
761
485
747
747
1318
1318
483
500
500
763
763
763
747
747
761
1318
485
747
1318
483
500
500
763
763
763
747
747
747
761
1318
1318
485
483
500
500
763
763
763
747
747
747
761
1318
1318
485
483
500
500
763
763
763
747
747
747
761
1318
485
1318
483
500
500
763
763
763
747
761
747
747
1318
1318
485
483
500
500
763
763
763
747
761
747
1318
747
1318
485
483
500
500
763
763
763
747
761
747
1318
485
747
1318
483
500
500
763
763
763
747
761
747
747
1318
1318
485
483
500
500
763
763
763
747
747
761
1318
747
1318
485
483
500
500
763
763
763
747
761
747
1318
485
747
1318
483
500
500
763
763
763
747
761
747
747
1318
1318
485
483
500
500
763
763
763
747
747
761
1318
485
747
1318
483
500
500
763
763
763
747
761
485
747
747
1318
1318
483
500
500
763
763
763
747
747
761
1318
485
747
1318
483
500
500
763
763
763
747
747
747
761
1318
1318
485
483
500
500
763
763
763
747
747
761
1318
485
747
1318
483
500
500
763
763
763
747
747
761
1318
485
747
1318
500
500
483
763
763
763
747
747
747
761
1318
485
1318
483
500
500
763
763
763
747
747
761
1318
485
747
1318
483
500
500
763
763
763
747
747
761
1318
485
747
1318
483
500
500
763
763
763
747
747
761
1318
485
747
1318
483
500
500
763
763
763
747
747
761
1318
485
747
1318
483
500
500
763
763
763
747
761
485
747
747
1318
1318
500
500
483
763
763
763
747
761
747
747
1318
1318
485
483
500
500
763
763
763
747
747
761
1318
485
747
1318
483
500
500
763
763
763
747
761
747
747
1318
1318
485
483
500
500
763
763
763
747
747
747
761
1318
1318
485
483
500
500
763
763
763
747
761
747
747
1318
1318
485
483
500
500
763
763
763
747
747
761
1318
485
747
1318
483
500
500
763
763
763
747
761
747
1318
485
747
1318
483
500
500
763
763
763
747
761
747
747
1318
1318
485
483
500
500
763
763
763
747
747
761
1318
747
1318
485
483
500
500
763
763
763
747
747
761
1318
485
747
1318
483
500
500
763
763
763
747
747
761
1318
485
747
1318
483
500
500
763
763
763
747
747
747
761
1318
485
1318
483
500
500
763
763
763
747
761
747
747
1318
1318
485
483
500
500
763
763
763
747
747
761
747
1318
485
1318
500
483
500
763
763
763
747
747
747
761
1318
1318
485
483
500
500
763
763
763
747
747
761
1318
485
747
1318
483
500
500
763
763
763
747
747
761
1318
747
1318
485
483
500
500
763
763
763
747
761
747
747
1318
485
1318
483
500
500
763
763
763
747
761
747
1318
485
747
1318
483
500
500
763
763
763
747
747
761
1318
747
1318
485
483
500
500
763
763
763
747
761
747
1318
485
747
1318
483
500
500
763
763
763
747
761
747
747
1318
1318
485
483
500
500
763
763
763
747
761
747
1318
485
747
1318
483
500
500
763
763
763
747
747
761
1318
747
1318
485
483
500
500
763
763
763
747
761
747
1318
485
747
1318
483
500
500
763
763
763
747
761
747
1318
747
1318
485
500
500
483
763
763
763
747
761
747
1318
747
1318
485
483
500
500
763
763
763
747
761
747
1318
747
485
1318
500
500
483
763
763
763
747
761
747
1318
747
1318
485
500
500
483
763
763
763
747
761
747
1318
747
1318
485
483
500
500
763
763
763
747
761
747
1318
747
485
1318
500
500
483
763
763
763
747
761
747
1318
747
1318
485
483
500
500
763
763
763
747
761
747
1318
485
747
1318
483
500
500
763
763
763
747
761
747
1318
747
1318
485
483
500
500
763
763
763
747
761
747
1318
747
1318
485
483
500
500
763
763
763
747
747
761
747
1318
1318
485
483
500
500
763
763
763
747
761
747
1318
747
1318
485
483
500
500
763
763
763
747
761
747
747
1318
485
1318
483
500
500
763
763
763
747
747
761
1318
747
1318
485
483
500
500
763
763
763
747
761
747
747
1318
485
1318
483
500
500
763
763
763
747
747
761
747
1318
1318
485
483
500
500
763
763
763
747
747
761
1318
485
747
1318
483
500
500
763
763
763
747
747
761
1318
485
747
1318
483
500
500
763
763
763
747
747
761
1318
485
747
1318
483
500
500
763
763
763
747
747
747
761
1318
485
1318
483
500
500
763
763
763
747
747
761
1318
747
1318
485
483
500
500
763
763
763
747
747
747
761
1318
1318
485
483
500
500
763
763
763
747
747
761
1318
485
747
1318
483
500
500
763
763
763
747
761
747
747
1318
1318
485
483
500
500
763
763
763
747
747
761
1318
485
747
1318
483
500
500
763
763
763
747
747
761
747
1318
1318
485
483
500
500
763
763
763
747
747
761
1318
485
747
1318
483
500
500
763
763
763
747
761
747
1318
485
747
1318
483
500
500
763
763
763
747
761
747
747
1318
1318
485
483
500
500
763
763
763
747
761
747
1318
485
747
1318
483
500
500
763
763
763
747
761
747
1318
485
747
1318
483
500
500
763
763
763
747
761
747
747
1318
1318
485
483
500
500
763
763
763
747
747
761
1318
485
747
1318
483
500
500
763
763
763
747
747
761
1318
747
1318
485
483
500
500
763
763
763
747
761
747
1318
747
1318
485
483
500
500
763
763
763
747
761
747
1318
485
747
1318
483
500
500
763
763
763
747
761
747
747
1318
1318
485
483
500
500
763
763
763
747
761
747
747
1318
485
1318
483
500
500
763
763
763
747
761
747
747
1318
1318
485
483
500
500
763
763
763
747
747
761
747
1318
1318
485
500
500
500
1331
-1
1334
483
763
763
747
485
747
761
1318
483
500
500
500
1331
-1
1334
763
763
747
747
761
1318
485
483
500
500
500
1331
-1
1334
763
763
747
747
761
485
1318
483
500
500
500
1331
-1
1334
763
763
747
761
485
747
1318
499
500
500
1331
-1
1334
483
763
763
747
761
485
747
1318
483
499
500
500
1331
-1
1334
763
763
747
761
747
1318
485
500
500
483
499
1331
-1
1334
763
763
747
485
747
761
1318
483
499
500
500
1331
-1
1334
763
763
747
747
761
485
1318
483
499
500
500
1331
-1
1334
763
763
747
747
1318
485
761
483
500
500
500
1331
-1
1334
763
763
747
747
1318
485
761
483
499
500
500
1331
-1
1334
763
763
747
761
485
747
1318
500
500
500
1331
-1
1334
483
763
763
747
747
761
1318
485
483
500
500
500
1331
-1
1334
763
763
747
747
761
1318
485
483
500
500
500
1331
-1
1334
763
763
747
761
485
747
1318
483
500
500
500
1331
-1
1334
763
763
747
761
485
747
1318
500
500
500
1334
483
1331
-1
763
763
747
747
761
1318
485
500
500
500
1331
-1
1334
483
763
763
747
761
747
1318
485
483
500
500
500
1331
-1
1334
763
763
747
761
747
485
1318
483
500
500
500
1331
-1
1334
763
763
747
761
485
747
1318
483
499
500
500
1331
-1
1334
763
763
747
761
485
747
1318
483
500
500
500
1331
-1
1334
763
763
747
761
485
747
1318
483
500
500
500
1331
-1
1334
763
763
747
747
761
485
1318
500
500
500
483
1331
-1
1334
763
763
747
761
485
747
1318
500
500
500
1331
-1
1334
483
763
763
747
761
485
747
1318
483
500
500
500
1331
-1
1334
763
763
747
761
485
747
1318
483
499
500
500
1331
-1
1334
763
763
747
761
747
1318
485
499
500
500
1331
-1
1334
483
763
763
747
761
485
747
1318
483
499
500
500
1331
-1
1334
763
763
747
761
485
747
1318
483
500
500
500
1331
-1
1334
763
763
747
485
747
761
1318
483
500
500
500
1331
-1
1334
763
763
747
761
485
747
1318
483
499
500
500
1331
-1
1334
763
763
747
747
761
1318
485
499
500
500
1334
483
1331
-1
763
763
747
761
485
747
1318
483
499
500
500
1331
-1
1334
763
763
485
747
747
761
1318
500
500
500
483
1331
-1
1334
763
763
747
747
761
1318
485
483
499
500
500
1331
-1
1334
763
763
747
761
485
747
1318
483
499
500
500
1331
-1
1334
763
763
747
747
761
1318
-1
485
483
500
500
500
1331
-1
1334
763
763
747
761
747
1318
485
483
499
500
500
1331
-1
1334
763
763
747
761
747
1318
485
483
499
500
500
1331
-1
1334
763
763
747
761
747
1318
485
500
500
483
500
1331
-1
1334
763
763
747
747
761
1318
485
483
500
500
500
1331
-1
1334
763
763
747
747
761
485
1318
483
499
500
500
1331
-1
1334
763
763
747
747
761
1318
485
483
500
500
500
1331
-1
1334
763
763
747
747
761
485
1318
483
500
500
500
1331
-1
1334
763
763
747
761
485
747
1318
483
500
500
500
1331
-1
1334
763
763
747
747
761
1318
485
483
500
500
500
1331
-1
1334
763
763
747
761
485
747
1318
483
500
500
500
1331
-1
1334
763
763
747
747
761
1318
485
500
483
500
500
1331
-1
1334
763
763
485
747
747
761
1318
483
500
500
500
1331
-1
1334
763
763
747
761
747
1318
485
483
500
500
500
1331
-1
1334
763
763
747
747
761
1318
485
483
500
500
500
1331
-1
1334
763
763
485
747
747
761
1318
483
500
500
500
1331
-1
1334
763
763
747
761
747
1318
-1
485
483
499
500
500
1331
-1
1334
763
763
747
761
747
1318
485
499
500
500
1331
-1
1334
483
763
763
747
747
761
1318
485
483
500
500
500
1331
-1
1334
763
763
747
761
485
747
1318
483
499
500
500
1331
-1
1334
763
763
747
747
761
1318
485
483
500
500
500
1331
-1
1334
763
763
485
747
747
761
1318
483
499
500
500
1331
-1
1334
763
763
747
747
761
1318
485
500
500
500
1331
-1
1334
483
763
763
485
747
747
761
1318
483
499
500
500
1331
-1
1334
763
763
747
747
761
1318
485
483
500
500
500
1331
-1
1334
763
763
485
747
747
761
1318
483
499
500
500
1331
-1
1334
763
763
485
747
747
761
1318
483
500
500
500
1331
-1
1334
763
763
747
761
485
747
1318
483
500
500
500
1331
-1
1334
763
763
747
747
761
1318
485
483
500
500
500
1331
-1
1334
763
763
747
747
761
1318
485
499
500
500
1331
-1
1334
483
763
763
747
747
761
-1
1318
485
500
500
500
1334
483
1331
-1
763
763
747
761
485
747
1318
483
500
500
500
1331
-1
1334
763
763
747
747
761
1318
485
483
500
500
500
1331
-1
1334
763
763
747
747
761
485
1318
483
499
500
500
1331
-1
1334
763
763
485
747
747
761
1318
483
499
500
500
1331
-1
1334
763
763
747
761
485
747
1318
483
499
500
500
1331
-1
1334
763
763
747
747
761
1318
485
499
499
499
499
500
500
500
500
500
500
500
500
500
500
500
500
1330
1330
1330
1330
-1
-1
-1
-1
1334
1334
1334
1334
1334
1334
1334
1334
483
500
500
500
1331
-1
1334
763
763
747
485
747
761
1318
483
500
500
500
1331
-1
1334
763
763
747
761
485
747
1318
483
500
500
500
1331
-1
1334
763
763
747
747
761
1318
485
483
500
500
500
1331
-1
1334
763
763
747
747
761
1318
485
500
500
500
1331
-1
1334
483
763
763
747
761
485
747
1318
483
499
500
500
1331
-1
1334
763
763
747
761
485
747
1318
500
483
500
500
1331
-1
1334
763
763
747
485
747
761
1318
483
500
500
500
1331
-1
1334
763
763
747
761
485
747
1318
483
500
500
500
1331
-1
1334
763
763
747
485
747
761
1318
483
500
500
500
1331
-1
1334
763
763
747
761
485
747
1318
499
500
500
1331
-1
1334
483
763
763
485
747
747
761
1318
483
500
500
500
1331
-1
1334
763
763
747
747
761
1318
485
483
499
500
500
1331
-1
1334
763
763
485
747
747
761
1318
483
500
500
500
1331
-1
1334
763
763
747
761
485
747
1318
483
500
500
500
1331
-1
1334
763
763
747
761
485
747
1318
483
499
500
500
1331
-1
1334
763
763
747
761
747
1318
485
483
499
500
500
1331
-1
1334
763
763
485
747
747
761
1318
483
500
500
500
1331
-1
1334
763
763
747
485
747
761
1318
483
500
500
500
1331
-1
1334
763
763
747
761
485
747
1318
483
499
500
500
1331
-1
1334
763
763
747
761
485
747
1318
483
500
500
500
1331
-1
1334
763
763
747
761
485
747
1318
483
500
500
500
1331
-1
1334
763
763
747
761
485
747
1318
483
499
500
500
1331
-1
1334
763
763
747
761
485
747
1318
483
500
500
500
1331
-1
1334
763
763
747
761
485
747
1318
483
499
500
500
1331
-1
1334
763
763
747
761
485
747
1318
483
500
500
500
1331
-1
1334
763
763
747
747
761
1318
485
483
500
500
500
1331
-1
1334
763
763
747
761
485
747
1318
483
500
500
500
1331
-1
1334
763
763
747
761
747
1318
485
483
499
500
500
1331
-1
1334
763
763
747
761
485
747
1318
483
500
500
500
1331
-1
1334
763
763
747
761
485
747
1318
483
499
500
500
1331
-1
1334
763
763
747
761
485
747
1318
483
499
500
500
1331
-1
1334
763
763
747
761
485
747
1318
483
500
500
500
1331
-1
1334
763
763
747
761
485
747
1318
500
500
500
1331
-1
1334
483
763
763
747
761
485
747
1318
483
500
500
500
1331
-1
1334
763
763
747
761
747
1318
485
483
499
500
500
1331
-1
1334
763
763
747
761
747
1318
485
483
500
500
500
1331
-1
1334
763
763
747
747
761
485
1318
500
500
500
1331
-1
1334
483
763
763
747
747
761
485
1318
483
500
500
500
1331
-1
1334
763
763
485
747
747
761
1318
483
500
500
500
1331
-1
1334
763
763
747
747
761
1318
485
500
500
500
1331
-1
1334
483
763
763
747
761
485
747
1318
483
500
500
500
1331
-1
1334
763
763
747
761
485
747
1318
483
499
500
500
1331
-1
1334
763
763
747
761
485
747
1318
483
500
500
500
1331
-1
1334
763
763
747
761
485
747
1318
483
499
500
500
1331
-1
1334
763
763
747
761
485
747
1318
483
499
500
500
1331
-1
1334
763
763
747
761
485
747
1318
483
500
500
500
1331
-1
1334
763
763
485
747
747
761
1318
483
500
500
500
1331
-1
1334
763
763
747
747
761
1318
485
483
499
500
500
1331
-1
1334
763
763
747
761
485
747
1318
483
500
500
500
1331
-1
1334
763
763
747
747
761
1318
485
483
499
500
500
1331
-1
1334
763
763
747
761
485
747
1318
483
500
500
500
1331
-1
1334
763
763
747
747
761
1318
485
483
500
500
500
1331
-1
1334
763
763
747
747
761
1318
485
483
500
500
500
1331
-1
1334
763
763
747
747
761
1318
485
483
500
500
500
1331
-1
1334
763
763
747
761
485
747
1318
483
499
500
500
1331
-1
1334
763
763
747
747
761
485
1318
483
499
500
500
1331
-1
1334
763
763
747
747
761
1318
485
499
500
500
1331
-1
1334
483
763
763
747
747
761
1318
485
483
500
500
500
1331
-1
1334
763
763
747
761
485
747
1318
499
500
500
1331
1334
483
-1
763
763
747
485
747
761
1318
483
500
500
500
1331
-1
1334
763
763
747
761
485
747
1318
483
499
500
500
1331
-1
1334
763
763
747
761
747
1318
485
483
499
500
500
1331
-1
1334
763
763
747
761
485
747
1318
483
500
500
500
1331
-1
1334
763
763
747
761
485
747
1318
483
499
500
500
1331
-1
1334
763
763
747
747
761
485
1318
483
499
500
500
1331
-1
1334
763
763
747
761
485
747
1318
483
499
500
500
1331
-1
1334
763
763
747
761
747
1318
485
483
499
500
500
1331
-1
1334
763
763
747
761
485
747
1318
483
500
500
500
1331
-1
1334
763
763
747
747
761
1318
485
483
500
500
500
1331
-1
1334
763
763
747
761
747
1318
485
500
500
483
500
1331
-1
1334
763
763
747
761
485
747
1318
500
500
500
1331
-1
1334
483
763
763
747
761
747
1318
485
483
500
500
500
1331
-1
1334
763
763
747
747
761
-1
1318
485
483
500
500
763
763
763
747
747
761
1318
485
747
1318
483
500
500
763
763
763
747
747
761
1318
485
747
1318
483
500
500
763
763
763
747
761
747
1318
485
747
1318
483
500
500
763
763
763
747
747
747
761
1318
485
1318
483
500
500
763
763
763
747
747
747
761
1318
1318
485
483
500
500
763
763
763
747
747
747
761
1318
485
1318
483
500
500
763
763
763
747
747
761
1318
485
747
1318
483
500
500
763
763
763
747
761
747
1318
485
747
1318
483
500
500
763
763
763
747
747
761
1318
485
747
1318
500
483
500
763
763
763
747
761
747
747
1318
1318
485
483
500
500
763
763
763
747
747
761
1318
485
747
1318
483
500
500
763
763
763
747
747
761
1318
485
747
1318
483
500
500
763
763
763
747
747
747
761
1318
485
1318
483
500
500
763
763
763
747
747
761
1318
747
1318
485
483
500
500
763
763
763
747
747
761
1318
485
747
1318
483
500
500
763
763
763
747
761
747
747
1318
1318
485
483
500
500
763
763
763
747
747
747
761
1318
485
1318
500
483
500
763
763
763
747
747
761
1318
485
747
1318
483
500
500
763
763
763
747
761
747
1318
485
747
1318
483
500
500
763
763
763
747
747
747
761
1318
485
1318
500
483
500
763
763
763
747
747
761
1318
747
1318
485
483
500
500
763
763
763
747
747
761
1318
485
747
1318
483
500
500
763
763
763
747
761
747
747
1318
1318
485
483
500
500
763
763
763
747
747
761
1318
485
747
1318
483
500
500
763
763
763
747
747
747
761
1318
1318
485
483
500
500
763
763
763
747
761
747
747
1318
1318
485
483
500
500
763
763
763
747
747
761
1318
485
747
1318
483
500
500
763
763
763
747
747
761
1318
485
747
1318
483
500
500
763
763
763
747
747
747
761
1318
1318
485
483
500
500
763
763
763
747
747
761
1318
485
747
1318
483
500
500
763
763
763
747
747
761
1318
485
747
1318
483
500
500
763
763
763
747
747
747
761
1318
1318
485
483
500
500
763
763
763
747
761
485
747
747
1318
1318
483
500
500
763
763
763
747
747
761
1318
485
747
1318
483
500
500
763
763
763
747
747
761
747
1318
1318
485
483
500
500
763
763
763
747
761
485
747
747
1318
1318
483
500
500
763
763
763
747
747
761
485
747
1318
1318
483
500
500
763
763
763
747
761
747
747
1318
1318
485
500
483
500
763
763
763
747
747
761
1318
485
747
1318
500
500
483
763
763
763
747
747
747
761
1318
485
1318
483
500
500
763
763
763
747
747
747
761
1318
1318
485
483
500
500
763
763
763
747
747
761
1318
485
747
1318
483
500
500
763
763
763
747
747
747
761
1318
1318
485
483
500
500
763
763
763
747
761
485
747
747
1318
1318
483
500
500
763
763
763
747
747
747
761
1318
485
1318
483
500
500
763
763
763
747
747
747
761
1318
1318
485
483
500
500
763
763
763
747
761
485
747
747
1318
1318
500
500
483
763
763
763
747
747
761
1318
485
747
1318
483
500
500
763
763
763
747
747
747
761
1318
1318
485
483
500
500
763
763
763
747
761
747
747
1318
1318
485
483
500
500
763
763
763
747
747
761
1318
485
747
1318
483
500
500
763
763
763
747
761
747
747
1318
485
1318
500
500
483
763
763
763
747
747
761
485
747
1318
1318
483
500
500
763
763
763
485
747
747
747
761
1318
1318
483
500
500
763
763
763
747
747
747
761
1318
1318
485
483
500
500
763
763
763
485
747
747
747
761
1318
1318
483
500
500
763
763
763
747
761
485
747
747
1318
1318
483
500
500
763
763
763
747
747
761
1318
485
747
1318
500
500
500
500
748
748
763
763
755
755
762
762
748
748
763
763
755
755
762
762
500
500
500
500
748
748
763
755
762
763
755
762
748
748
763
763
755
762
755
762
500
500
500
500
748
748
763
755
762
763
755
762
748
748
755
763
762
755
763
762
500
500
500
500
748
748
755
755
762
763
763
762
748
748
755
755
762
763
763
762
500
500
500
500
748
748
755
763
755
762
763
762
748
748
755
755
763
763
762
762
500
500
500
500
748
748
763
755
755
762
762
763
748
748
763
763
755
755
762
762
500
500
500
500
748
748
755
755
763
762
762
763
748
748
755
755
762
763
763
762
0
0
0
0
0
0
0
0
0
0
0
0
0
1343
0
0
0
0
0
0
0
0
0
0
0
0
0
0
0
0
0
0
0
0
0
0
0
0
0
0
0
0
0
0
0
0
0
0
0
0
0
0
0
885
0
0
0
0
0
0
0
0
0
0
0
0
0
0
990
0
0
0
0
0
0
0
0
0
0
0
0
0
0
0
0
0
0
0
500
500
500
500
479
1090
0
0
0
0
0
0
1179
0
0
0
0
0
0
0
1307
1308
0
0
0
0
0
0
748
748
763
755
755
762
763
762
748
748
755
755
763
762
763
762
500
500
500
500
748
748
755
763
755
762
763
762
748
748
763
763
755
762
755
762
500
500
500
500
748
748
763
755
755
762
762
763
748
748
763
755
762
755
763
762
500
500
500
500
748
748
763
762
755
755
762
763
748
748
763
755
762
763
755
762
801
802
803
836
802
840
804
-1
-1
855
-1
-1
-1
855
-1
-1
-1
-1
-1
-1
-1
-1
-1
-1
-1
-1
813
811
-1
-1
-1
-1
842
-1
500
500
500
500
748
748
763
763
755
762
755
762
748
748
763
763
755
755
762
762
500
500
500
500
748
748
763
755
755
763
762
762
748
748
763
755
763
755
762
762
500
500
500
500
748
748
763
763
755
755
762
762
748
748
763
755
755
763
762
762
