-1
843
1011
1037
1038
1039
1007
1012
1051
883
884
1816
1856
1020
1022
1021
1021
1021
1021
1021
1021
1024
1023
1812
1813
1814
1815
1856
841
841
841
841
841
1853
1854
972
991
988
999
990
1000
986
986
844
917
1047
1047
1047
907
908
897
898
1044
1045
1043
1046
895
892
892
892
892
892
900
900
900
892
892
892
968
968
968
968
1043
1044
1045
1046
967
967
967
1006
1017
1018
1043
1044
1045
1046
1019
1019
1019
995
996
1043
1044
1045
1046
913
978
979
1002
981
982
980
977
984
976
992
989
1005
1008
1010
1026
1032
994
1004
905
894
888
889
891
899
892
890
892
892
892
892
1028
1031
1009
969
998
971
904
-1
843
-1
843
-1
843
949
1037
1038
1039
949
949
917
918
917
926
939
1037
932
922
931
1037
1816
1038
1039
1038
1039
1856
1020
1022
1021
1021
1021
1023
1812
1813
1814
1815
841
841
917
917
918
917
926
918
939
917
926
939
932
922
931
932
922
931
841
841
841
1816
1816
1852
966
942
844
1051
1856
1020
1856
1022
1021
1021
1021
1020
1026
1022
1021
1021
1021
1032
1023
1812
1023
1812
1813
1814
1815
841
841
1813
1814
1815
841
932
841
841
936
938
841
841
925
841
1028
1031
841
841
1852
1852
966
942
844
1051
966
942
844
1051
1026
1032
1026
921
1032
916
932
913
915
912
936
932
938
925
936
1028
1031
938
925
1028
1031
921
916
921
916
913
915
912
913
915
912
909
910
911
914
909
910
911
914
937
909
914
910
911
-1
843
929
960
953
954
965
958
955
959
1851
961
964
950
956
962
963
949
948
947
945
943
1840
923
946
1037
937
886
903
1040
924
928
1039
1038
906
845
846
930
940
937
972
929
960
953
954
965
958
955
959
1851
961
950
956
964
962
949
963
948
947
945
943
1840
946
923
929
960
886
903
1040
924
928
906
845
846
930
940
953
954
965
958
955
959
1851
961
964
950
956
949
962
963
948
947
945
943
1840
923
946
913
991
988
990
999
1000
986
986
844
886
903
1040
924
928
917
1047
1047
1047
907
908
897
898
1044
1045
1043
1046
895
892
906
900
900
900
892
892
892
892
892
892
892
845
846
940
930
968
968
968
968
967
967
967
1006
1043
1044
1045
1046
1017
1018
1043
1044
1045
1046
1019
1019
1019
1013
1014
883
884
1816
1856
1020
1022
1021
1021
1021
1021
1021
1021
1023
1812
1813
1814
1815
1856
841
841
841
1015
841
841
-1
843
1247
882
881
1338
882
1079
1070
1332
1334
1327
1073
1068
1250
1074
1075
1077
1076
1037
1039
1038
1083
1069
1071
1247
1290
1325
1047
1047
1047
1048
882
1295
1295
1316
1319
1313
1308
1308
1254
1309
1320
1306
1326
881
1148
1151
1818
1249
1816
1856
1020
1022
1021
1021
1021
1021
1021
1021
1339
1023
1812
1813
1814
1815
1856
1042
1041
1042
841
841
841
1340
841
841
1026
1032
1078
1028
1031
1248
1258
1335
1042
1257
1333
1336
1041
1042
1257
1336
-1
1055
843
1080
1081
1082
-1
1072
1325
843
1026
1032
1078
1028
1031
1026
1051
1032
-1
1078
1028
1031
843
1026
1032
1028
1078
1031
1140
1141
1142
1060
1059
1058
1061
1062
1066
1067
1145
1056
1057
1037
1140
1141
1142
1038
1039
1144
1140
1141
1142
1092
1092
1337
1093
1065
1064
1100
1126
1063
1121
1138
1139
881
1338
1131
1132
1133
1129
1134
1137
1129
1104
881
1338
1096
1248
1256
1094
1026
1060
1059
1058
1062
1066
1061
1067
1145
1056
1057
1032
1060
1059
1062
1058
1061
1066
1067
1145
1037
1056
1057
1078
1028
1031
1146
1026
1032
1078
1028
1031
1124
1101
1102
1869
1147
1037
1816
1038
1039
1144
1092
1092
1038
1039
1144
1092
1856
1020
1093
1065
1064
1100
1126
1022
1021
1021
1021
1021
1021
1021
1092
1063
1121
1138
1139
1093
1065
1064
1100
1126
881
1338
1131
1132
1133
1129
1134
1137
1129
1104
881
1338
1096
1063
1121
1138
1139
1094
881
1338
1131
1132
1133
1129
1134
1137
1129
1104
881
1338
1096
1094
1026
1026
1032
1032
1078
1028
1031
1146
1026
1032
1078
1028
1031
1124
1101
1102
1869
1147
1078
1028
1031
1146
1026
1032
1816
1028
1031
1078
1124
1101
1102
1869
1023
1147
1339
1812
1813
1814
1815
1816
1856
841
841
1856
1020
1022
1021
1021
1021
1021
1021
1021
1856
1020
1022
1021
1021
1021
1021
1021
1021
1339
1023
1812
1813
1814
1815
1023
1339
1812
1856
1813
1814
1815
841
841
1856
841
841
841
1340
841
841
1095
1052
1051
841
1251
1292
1340
841
841
841
1340
841
841
1095
1301
1052
1095
839
1097
839
1052
1051
1051
1251
1292
1301
1251
1292
1301
839
1097
839
839
1097
839
902
902
885
935
935
935
919
933
919
1817
919
1817
887
885
902
902
935
935
935
919
933
919
1817
919
1817
887
902
902
885
935
935
935
919
933
919
1817
919
1817
887
885
902
902
935
935
935
919
933
919
1817
919
1817
887
885
902
902
935
935
935
919
933
919
1817
919
1817
887
902
902
885
935
935
935
919
933
919
1817
919
1817
887
885
902
902
935
935
935
919
933
919
1817
919
1817
887
885
902
902
935
935
935
919
933
919
1817
919
1817
887
885
902
902
935
935
935
919
933
919
919
1817
887
1817
885
902
902
935
935
935
919
933
919
1817
919
1817
887
885
902
902
935
935
935
919
933
919
1817
919
1817
887
902
902
885
935
935
935
919
933
919
1817
919
1817
887
902
885
902
935
935
935
919
933
919
1817
919
1817
887
902
885
902
935
935
935
919
919
933
919
1817
1817
887
902
902
885
935
935
935
919
933
919
1817
919
1817
887
885
902
902
935
935
935
919
933
919
1817
919
1817
887
885
902
902
935
935
935
919
933
919
1817
919
1817
887
902
902
885
935
935
935
919
933
919
1817
919
1817
887
902
885
902
935
935
935
919
933
919
1817
919
1817
887
902
885
902
935
935
935
919
933
919
1817
919
1817
887
885
902
902
935
935
935
919
933
919
919
1817
887
1817
885
902
902
935
935
935
919
919
933
1817
919
887
1817
885
902
902
935
935
935
919
919
933
919
1817
1817
887
885
902
902
935
935
935
919
933
919
1817
919
1817
887
885
902
902
935
935
935
919
933
919
1817
919
1817
887
885
902
902
935
935
935
919
933
919
1817
919
1817
887
885
902
902
935
935
935
919
933
919
1817
919
1817
887
885
902
902
935
935
935
919
933
919
1817
919
1817
887
885
902
902
935
935
935
919
919
933
1817
919
1817
887
885
902
902
935
935
935
919
919
933
1817
919
1817
887
885
902
902
935
935
935
919
919
933
1817
919
1817
887
885
902
902
935
935
935
919
933
919
1817
919
887
1817
902
902
885
935
935
935
919
933
919
1817
919
1817
887
885
902
902
935
935
935
919
933
919
1817
919
1817
887
902
902
885
935
935
935
919
933
919
1817
919
1817
887
902
885
902
935
935
935
919
919
933
1817
919
1817
887
902
885
902
935
935
935
919
933
919
919
1817
887
1817
902
902
885
935
935
935
919
933
919
1817
919
1817
887
885
902
902
935
935
935
919
933
919
919
1817
887
1817
902
885
902
935
935
935
919
919
933
1817
919
1817
887
885
902
902
935
935
935
919
933
919
919
1817
1817
887
885
902
902
935
935
935
919
933
919
1817
919
1817
887
885
902
902
935
935
935
919
933
919
1817
919
1817
887
885
902
902
935
935
935
919
919
933
1817
919
1817
887
902
885
902
935
935
935
919
933
919
919
1817
887
1817
902
902
885
935
935
935
919
919
933
919
1817
1817
887
885
902
902
935
935
935
919
919
933
1817
887
919
1817
885
902
902
935
935
935
919
933
919
1817
919
1817
887
885
902
902
935
935
935
919
933
919
919
1817
1817
887
885
902
902
935
935
935
919
933
919
919
1817
1817
887
902
902
885
935
935
935
919
933
919
1817
919
1817
887
902
885
902
935
935
935
919
919
933
1817
919
1817
887
885
902
902
935
935
935
919
933
919
1817
919
1817
887
885
902
902
935
935
935
919
919
933
1817
919
1817
887
885
902
902
935
935
935
919
933
919
1817
887
919
1817
885
902
902
935
935
935
919
919
933
1817
919
1817
887
885
902
902
935
935
935
919
933
919
1817
919
1817
887
885
902
902
935
935
935
919
933
919
919
1817
887
1817
885
902
902
935
935
935
919
933
919
919
1817
1817
887
885
902
902
935
935
935
919
919
933
1817
919
1817
887
885
902
902
935
935
935
919
919
933
1817
919
887
1817
885
902
902
935
935
935
919
933
919
1817
887
919
1817
885
902
902
935
935
935
919
933
919
1817
919
1817
887
902
902
885
935
935
935
919
933
919
1817
887
919
1817
885
902
902
935
935
935
919
919
933
1817
919
1817
887
902
902
885
935
935
935
919
919
933
1817
887
919
1817
902
902
885
935
935
935
919
933
919
1817
919
887
1817
885
902
902
935
935
935
919
933
919
1817
919
1817
887
885
902
902
935
935
935
919
933
919
1817
887
919
1817
902
885
902
935
935
935
919
919
919
933
1817
1817
887
885
902
902
935
935
935
919
933
919
1817
919
1817
887
885
902
902
935
935
935
919
919
933
1817
919
1817
887
885
902
902
935
935
935
919
933
919
919
1817
887
1817
885
902
902
935
935
935
919
919
933
1817
887
919
1817
902
902
885
935
935
935
919
933
919
919
1817
1817
887
902
902
885
935
935
935
919
933
919
919
1817
1817
887
885
902
902
935
935
935
919
919
933
1817
919
1817
887
885
902
902
935
935
935
919
919
933
1817
919
1817
887
885
902
902
935
935
935
919
933
919
1817
919
1817
887
885
902
902
935
935
935
919
919
933
1817
887
919
1817
885
902
902
935
935
935
919
933
919
1817
887
919
1817
885
902
902
935
935
935
919
919
933
919
1817
1817
887
902
902
885
935
935
935
919
919
933
1817
919
1817
887
885
902
902
935
935
935
919
933
919
919
1817
887
1817
902
902
885
935
935
935
919
919
933
1817
919
887
1817
885
902
902
935
935
935
919
919
933
1817
919
1817
887
885
902
902
935
935
935
919
919
933
1817
919
1817
887
902
885
902
935
935
935
919
933
919
1817
887
919
1817
902
902
885
935
935
935
919
919
919
933
1817
887
1817
885
902
902
935
935
935
919
919
933
1817
919
1817
887
885
902
902
935
935
935
919
933
919
919
1817
1817
887
885
902
902
935
935
935
919
919
933
919
1817
1817
887
885
902
902
935
935
935
919
933
919
919
1817
1817
887
885
902
902
935
935
935
919
933
919
1817
919
1817
887
885
902
902
935
935
935
919
919
933
1817
887
919
1817
885
902
902
935
935
935
919
919
933
1817
919
1817
887
885
902
902
935
935
935
919
919
933
1817
919
1817
887
885
902
902
935
935
935
919
919
933
1817
887
919
1817
885
902
902
935
935
935
919
933
919
919
1817
1817
887
885
902
902
935
935
935
919
933
919
1817
919
1817
887
885
902
902
935
935
935
919
933
919
1817
919
1817
887
885
902
902
935
935
935
919
933
919
1817
919
1817
887
885
902
902
935
935
935
919
919
933
1817
887
919
1817
885
902
902
935
935
935
919
933
919
919
1817
1817
887
885
902
902
935
935
935
919
919
933
1817
919
1817
887
902
885
902
935
935
935
919
933
919
919
1817
1817
887
902
902
885
935
935
935
919
933
919
1817
919
1817
887
885
902
902
935
935
935
919
933
919
919
1817
1817
887
902
902
885
935
935
935
919
933
919
919
1817
887
1817
885
902
902
935
935
935
919
919
933
919
1817
1817
887
885
902
902
935
935
935
919
919
919
933
1817
887
1817
885
902
902
935
935
935
919
919
933
919
1817
1817
887
885
902
902
935
935
935
919
933
919
919
1817
1817
887
885
902
902
935
935
935
919
919
933
1817
919
1817
887
885
902
902
935
935
935
919
933
919
919
1817
1817
887
885
902
902
935
935
935
919
933
919
1817
919
1817
887
885
902
902
935
935
935
919
933
919
1817
887
919
1817
902
902
885
935
935
935
919
933
919
919
1817
1817
887
885
902
902
935
935
935
919
933
919
1817
919
1817
887
885
902
902
935
935
935
919
919
933
1817
919
1817
887
902
885
902
935
935
935
919
933
919
919
1817
1817
887
885
902
902
935
935
935
919
919
933
1817
919
1817
887
885
902
902
935
935
935
919
933
919
919
1817
1817
887
885
902
902
935
935
935
919
933
919
919
1817
887
1817
885
902
902
935
935
935
919
933
919
1817
919
1817
887
885
902
902
935
935
935
919
933
919
919
1817
1817
887
885
902
902
935
935
935
919
933
919
1817
919
1817
887
885
902
902
935
935
935
919
933
919
919
1817
1817
887
885
902
902
935
935
935
919
933
919
1817
919
1817
887
885
902
902
935
935
935
919
919
933
1817
919
1817
887
885
902
902
935
935
935
919
919
933
1817
887
919
1817
885
902
902
935
935
935
919
919
933
919
1817
1817
887
885
902
902
935
935
935
919
933
919
919
1817
1817
887
902
902
885
935
935
935
919
919
933
1817
887
919
1817
885
902
902
935
935
935
919
933
919
919
1817
1817
887
885
902
902
935
935
935
919
919
933
1817
887
919
1817
885
902
902
935
935
935
919
919
919
933
1817
1817
887
885
902
902
935
935
935
919
919
933
919
1817
1817
887
885
902
902
935
935
935
919
919
933
1817
919
1817
887
885
902
902
935
935
935
919
919
933
887
919
1817
1817
885
902
902
935
935
935
919
933
919
919
1817
1817
887
885
902
902
935
935
935
919
919
933
1817
919
1817
887
885
902
902
935
935
935
919
933
919
1817
919
1817
887
885
902
902
935
935
935
919
933
919
1817
919
1817
887
885
902
902
935
935
935
919
933
919
919
1817
1817
887
885
902
902
935
935
935
919
919
933
1817
919
1817
887
902
902
885
935
935
935
919
919
933
1817
887
919
1817
885
902
902
935
935
935
919
919
919
933
1817
887
1817
885
902
902
935
935
935
919
933
919
919
1817
1817
887
885
902
902
935
935
935
919
919
933
887
919
1817
1817
885
902
902
935
935
935
919
919
933
887
919
1817
1817
885
902
902
935
935
935
919
919
933
1817
887
919
1817
902
902
885
935
935
935
919
933
919
1817
887
919
1817
885
902
902
935
935
935
919
919
933
1817
919
1817
887
885
902
902
935
935
935
919
933
919
1817
887
919
1817
885
902
902
935
935
935
919
919
919
933
1817
1817
887
902
902
885
935
935
935
919
919
933
1817
887
919
1817
885
902
902
935
935
935
919
919
933
919
1817
1817
887
885
902
902
935
935
935
919
919
933
1817
887
919
1817
885
902
902
935
935
935
919
919
933
1817
887
919
1817
885
902
902
935
935
935
919
933
919
1817
919
1817
887
885
902
902
935
935
935
919
933
919
919
1817
1817
887
885
902
902
935
935
935
919
933
919
919
1817
1817
887
885
902
902
935
935
935
919
919
919
933
1817
887
1817
885
902
902
935
935
935
919
919
933
1817
887
919
1817
885
902
902
935
935
935
919
919
933
1817
919
1817
887
885
902
902
935
935
935
919
919
933
919
1817
1817
887
902
902
885
935
935
935
919
919
933
1817
887
919
1817
885
902
902
935
935
935
919
933
919
919
1817
1817
887
902
902
885
935
935
935
919
919
919
933
1817
1817
887
885
902
902
935
935
935
919
919
933
1817
919
1817
887
885
902
902
935
935
935
919
919
933
1817
887
919
1817
885
902
902
935
935
935
919
933
919
919
1817
1817
887
902
902
885
935
935
935
919
919
933
1817
919
1817
887
885
902
902
935
935
935
919
933
919
919
1817
1817
887
885
902
902
935
935
935
919
933
919
919
1817
1817
887
885
902
902
935
935
935
919
919
919
933
1817
887
1817
885
902
902
935
935
935
919
933
919
1817
919
1817
887
902
902
885
935
935
935
919
933
919
919
1817
1817
887
885
902
902
935
935
935
919
919
933
887
919
1817
1817
885
902
902
935
935
935
919
933
919
919
1817
1817
887
885
902
902
935
935
935
919
933
919
919
1817
1817
887
885
902
902
935
935
935
919
919
933
1817
887
919
1817
885
902
902
935
935
935
919
933
919
919
1817
1817
887
885
902
902
935
935
935
919
933
919
919
1817
1817
887
902
885
902
935
935
935
919
933
919
919
1817
1817
887
885
902
902
935
935
935
919
919
919
933
1817
887
1817
885
902
902
935
935
935
919
933
919
919
1817
1817
887
885
902
902
935
935
935
919
919
933
1817
919
1817
887
885
902
902
935
935
935
919
919
933
1817
919
1817
887
885
902
902
935
935
935
919
919
919
933
1817
887
1817
885
902
902
935
935
935
919
933
919
919
1817
887
1817
885
902
902
935
935
935
919
919
933
1817
887
919
1817
885
902
902
935
935
935
919
919
919
933
1817
1817
887
902
902
885
935
935
935
919
919
933
1817
887
919
1817
885
902
902
935
935
935
919
919
933
1817
887
919
1817
885
902
902
935
935
935
919
919
919
933
1817
1817
887
885
902
902
935
935
935
919
919
933
1817
887
919
1817
885
902
902
935
935
935
919
919
933
1817
887
919
1817
885
902
902
935
935
935
919
919
933
887
919
1817
1817
885
902
902
935
935
935
919
919
933
1817
887
919
1817
885
902
902
935
935
935
919
919
919
933
1817
887
1817
885
902
902
935
935
935
919
919
933
919
1817
1817
887
885
902
902
935
935
935
919
919
933
919
1817
887
1817
885
902
902
935
935
935
919
919
933
887
919
1817
1817
885
902
902
935
935
935
919
933
919
919
1817
1817
887
885
902
902
935
935
935
919
933
919
919
1817
1817
887
902
885
902
935
935
935
919
919
933
1817
887
919
1817
885
902
902
935
935
935
919
933
919
919
1817
1817
887
885
902
902
935
935
935
919
933
919
919
1817
1817
887
885
902
902
935
935
935
919
919
933
1817
887
919
1817
885
902
902
935
935
935
919
933
919
1817
887
919
1817
885
902
902
935
935
935
919
933
919
919
1817
1817
887
885
902
902
935
935
935
919
919
933
919
1817
1817
887
885
902
902
935
935
935
919
919
933
887
919
1817
1817
885
902
902
935
935
935
919
919
933
1817
919
1817
887
885
902
902
935
935
935
919
933
919
919
1817
1817
887
885
902
902
935
935
935
919
933
919
919
1817
1817
887
885
902
902
935
935
935
919
919
919
933
1817
1817
887
885
902
902
935
935
935
919
919
933
1817
887
919
1817
885
902
902
935
935
935
919
933
919
919
1817
1817
887
885
902
902
935
935
935
919
919
933
887
919
1817
1817
885
902
902
935
935
935
919
919
919
933
1817
1817
887
885
902
902
935
935
935
919
933
919
1817
887
919
1817
885
902
902
935
935
935
919
919
933
1817
919
1817
887
885
902
902
935
935
935
919
919
933
887
919
1817
1817
885
902
902
935
935
935
919
919
933
1817
887
919
1817
885
902
902
935
935
935
919
919
933
1817
887
919
1817
885
902
902
935
935
935
919
919
933
887
919
1817
1817
885
902
902
935
935
935
919
933
919
919
1817
1817
887
885
902
902
935
935
935
919
887
919
919
933
1817
1817
885
902
902
935
935
935
919
933
919
919
1817
1817
887
885
902
902
935
935
935
919
919
933
1817
887
919
1817
885
902
902
935
935
935
919
919
933
1817
887
919
1817
885
902
902
935
935
935
919
933
919
919
1817
1817
887
885
902
902
935
935
935
919
933
919
919
1817
887
1817
885
902
902
935
935
935
919
919
933
919
1817
887
1817
902
902
885
935
935
935
919
919
933
1817
919
1817
887
885
902
902
935
935
935
919
933
919
1817
887
919
1817
885
902
902
935
935
935
919
919
933
919
1817
1817
887
885
902
902
935
935
935
919
919
933
1817
887
919
1817
885
902
902
935
935
935
919
933
919
1817
919
1817
887
885
902
902
935
935
935
919
919
933
919
1817
1817
887
885
902
902
935
935
935
919
919
933
919
1817
1817
887
885
902
902
935
935
935
919
919
933
887
919
1817
1817
885
902
902
935
935
935
919
933
919
1817
887
919
1817
885
902
902
935
935
935
919
933
919
919
1817
1817
887
885
902
902
935
935
935
919
919
933
919
1817
1817
887
885
902
902
935
935
935
919
933
919
919
1817
1817
887
885
902
902
935
935
935
919
919
933
1817
919
1817
887
885
902
902
935
935
935
919
933
919
1817
919
1817
887
885
902
902
935
935
935
919
919
933
919
1817
1817
887
885
902
902
935
935
935
919
919
933
1817
919
1817
887
885
902
902
935
935
935
919
933
919
1817
919
1817
887
885
902
902
935
935
935
919
919
933
1817
919
1817
887
902
902
885
935
935
935
919
919
933
1817
919
1817
887
885
902
902
935
935
935
919
919
933
1817
919
1817
887
902
902
885
935
935
935
919
933
919
919
1817
1817
887
885
902
902
935
935
935
919
919
933
1817
919
1817
887
885
902
902
935
935
935
919
919
933
1817
919
1817
887
885
902
902
935
935
935
919
919
933
1817
887
919
1817
902
902
885
935
935
935
919
933
919
919
1817
887
1817
885
902
902
935
935
935
919
933
919
919
1817
887
1817
885
902
902
935
935
935
919
919
933
1817
919
1817
887
885
902
902
935
935
935
919
919
933
1817
887
919
1817
885
902
902
935
935
935
919
919
933
1817
887
919
1817
902
902
885
935
935
935
919
933
919
919
1817
1817
887
902
902
885
935
935
935
919
919
933
1817
887
919
1817
885
902
902
935
935
935
919
919
933
919
1817
1817
887
902
885
902
935
935
935
919
919
933
919
1817
1817
887
885
902
902
935
935
935
919
919
933
1817
919
1817
887
902
885
902
935
935
935
919
933
919
1817
919
1817
887
885
902
902
935
935
935
919
919
919
933
1817
887
1817
885
902
902
935
935
935
919
919
933
1817
887
919
1817
885
902
902
935
935
935
919
919
933
1817
887
919
1817
885
902
902
935
935
935
919
919
919
933
1817
1817
887
885
902
902
935
935
935
919
933
887
919
919
1817
1817
885
902
902
935
935
935
919
919
933
1817
887
919
1817
885
902
902
935
935
935
919
919
919
933
1817
1817
887
885
902
902
935
935
935
919
919
919
933
1817
1817
887
885
902
902
935
935
935
919
919
919
933
1817
887
1817
885
902
902
935
935
935
919
933
919
919
1817
1817
887
885
902
902
935
935
935
919
933
919
1817
919
1817
887
885
902
902
935
935
935
919
933
919
1817
887
919
1817
885
902
902
935
935
935
919
933
919
919
1817
1817
887
885
902
902
935
935
935
919
919
933
1817
919
1817
887
885
902
902
935
935
935
919
933
919
1817
887
919
1817
885
902
902
935
935
935
919
933
919
919
1817
1817
887
885
902
902
935
935
935
919
919
933
1817
887
919
1817
885
902
902
935
935
935
919
933
887
919
919
1817
1817
885
902
902
935
935
935
919
919
933
1817
887
919
1817
885
902
902
935
935
935
919
919
919
933
1817
1817
887
885
902
902
935
935
935
919
919
933
1817
887
919
1817
885
902
902
935
935
935
919
919
933
1817
887
919
1817
902
902
885
935
935
935
919
919
919
933
1817
887
1817
885
902
902
935
935
935
919
919
933
1817
887
919
1817
885
902
902
935
935
935
919
919
933
1817
887
919
1817
885
902
902
935
935
935
919
919
933
1817
887
919
1817
885
902
902
935
935
935
919
919
933
1817
887
919
1817
885
902
902
935
935
935
919
933
887
919
919
1817
1817
902
902
885
935
935
935
919
933
919
919
1817
1817
887
885
902
902
935
935
935
919
919
933
1817
887
919
1817
885
902
902
935
935
935
919
933
919
919
1817
1817
887
885
902
902
935
935
935
919
919
919
933
1817
1817
887
885
902
902
935
935
935
919
933
919
919
1817
1817
887
885
902
902
935
935
935
919
919
933
1817
887
919
1817
885
902
902
935
935
935
919
933
919
1817
887
919
1817
885
902
902
935
935
935
919
933
919
919
1817
1817
887
885
902
902
935
935
935
919
919
933
1817
919
1817
887
885
902
902
935
935
935
919
919
933
1817
887
919
1817
885
902
902
935
935
935
919
919
933
1817
887
919
1817
885
902
902
935
935
935
919
919
919
933
1817
887
1817
885
902
902
935
935
935
919
933
919
919
1817
1817
887
885
902
902
935
935
935
919
919
933
919
1817
887
1817
902
885
902
935
935
935
919
919
919
933
1817
1817
887
885
902
902
935
935
935
919
919
933
1817
887
919
1817
885
902
902
935
935
935
919
919
933
1817
919
1817
887
885
902
902
935
935
935
919
933
919
919
1817
887
1817
885
902
902
935
935
935
919
933
919
1817
887
919
1817
885
902
902
935
935
935
919
919
933
1817
919
1817
887
885
902
902
935
935
935
919
933
919
1817
887
919
1817
885
902
902
935
935
935
919
933
919
919
1817
1817
887
885
902
902
935
935
935
919
933
919
1817
887
919
1817
885
902
902
935
935
935
919
919
933
1817
919
1817
887
885
902
902
935
935
935
919
933
919
1817
887
919
1817
885
902
902
935
935
935
919
933
919
1817
919
1817
887
902
902
885
935
935
935
919
933
919
1817
919
1817
887
885
902
902
935
935
935
919
933
919
1817
919
887
1817
902
902
885
935
935
935
919
933
919
1817
919
1817
887
902
902
885
935
935
935
919
933
919
1817
919
1817
887
885
902
902
935
935
935
919
933
919
1817
919
887
1817
902
902
885
935
935
935
919
933
919
1817
919
1817
887
885
902
902
935
935
935
919
933
919
1817
887
919
1817
885
902
902
935
935
935
919
933
919
1817
919
1817
887
885
902
902
935
935
935
919
933
919
1817
919
1817
887
885
902
902
935
935
935
919
919
933
919
1817
1817
887
885
902
902
935
935
935
919
933
919
1817
919
1817
887
885
902
902
935
935
935
919
933
919
919
1817
887
1817
885
902
902
935
935
935
919
919
933
1817
919
1817
887
885
902
902
935
935
935
919
933
919
919
1817
887
1817
885
902
902
935
935
935
919
919
933
919
1817
1817
887
885
902
902
935
935
935
919
919
933
1817
887
919
1817
885
902
902
935
935
935
919
919
933
1817
887
919
1817
885
902
902
935
935
935
919
919
933
1817
887
919
1817
885
902
902
935
935
935
919
919
919
933
1817
887
1817
885
902
902
935
935
935
919
919
933
1817
919
1817
887
885
902
902
935
935
935
919
919
919
933
1817
1817
887
885
902
902
935
935
935
919
919
933
1817
887
919
1817
885
902
902
935
935
935
919
933
919
919
1817
1817
887
885
902
902
935
935
935
919
919
933
1817
887
919
1817
885
902
902
935
935
935
919
919
933
919
1817
1817
887
885
902
902
935
935
935
919
919
933
1817
887
919
1817
885
902
902
935
935
935
919
933
919
1817
887
919
1817
885
902
902
935
935
935
919
933
919
919
1817
1817
887
885
902
902
935
935
935
919
933
919
1817
887
919
1817
885
902
902
935
935
935
919
933
919
1817
887
919
1817
885
902
902
935
935
935
919
933
919
919
1817
1817
887
885
902
902
935
935
935
919
919
933
1817
887
919
1817
885
902
902
935
935
935
919
919
933
1817
919
1817
887
885
902
902
935
935
935
919
933
919
1817
919
1817
887
885
902
902
935
935
935
919
933
919
1817
887
919
1817
885
902
902
935
935
935
919
933
919
919
1817
1817
887
885
902
902
935
935
935
919
933
919
919
1817
887
1817
885
902
902
935
935
935
919
933
919
919
1817
1817
887
885
902
902
935
935
935
919
919
933
919
1817
1817
887
902
902
902
1831
1833
1834
885
935
935
919
887
919
933
1817
885
902
902
902
1831
1833
1834
935
935
919
919
933
1817
887
885
902
902
902
1831
1833
1834
935
935
919
919
933
887
1817
885
902
902
902
1831
1833
1834
935
935
919
933
887
919
1817
901
902
902
1831
1833
1834
885
935
935
919
933
887
919
1817
885
901
902
902
1831
1833
1834
935
935
919
933
919
1817
887
902
902
885
901
1831
1833
1834
935
935
919
887
919
933
1817
885
901
902
902
1831
1833
1834
935
935
919
919
933
887
1817
885
901
902
902
1831
1833
1834
935
935
919
919
1817
887
933
885
902
902
902
1831
1833
1834
935
935
919
919
1817
887
933
885
901
902
902
1831
1833
1834
935
935
919
933
887
919
1817
902
902
902
1831
1833
1834
885
935
935
919
919
933
1817
887
885
902
902
902
1831
1833
1834
935
935
919
919
933
1817
887
885
902
902
902
1831
1833
1834
935
935
919
933
887
919
1817
885
902
902
902
1831
1833
1834
935
935
919
933
887
919
1817
902
902
902
1834
885
1831
1833
935
935
919
919
933
1817
887
902
902
902
1831
1833
1834
885
935
935
919
933
919
1817
887
885
902
902
902
1831
1833
1834
935
935
919
933
919
887
1817
885
902
902
902
1831
1833
1834
935
935
919
933
887
919
1817
885
901
902
902
1831
1833
1834
935
935
919
933
887
919
1817
885
902
902
902
1831
1833
1834
935
935
919
933
887
919
1817
885
902
902
902
1831
1833
1834
935
935
919
919
933
887
1817
902
902
902
885
1831
1833
1834
935
935
919
933
887
919
1817
902
902
902
1831
1833
1834
885
935
935
919
933
887
919
1817
885
902
902
902
1831
1833
1834
935
935
919
933
887
919
1817
885
901
902
902
1831
1833
1834
935
935
919
933
919
1817
887
901
902
902
1831
1833
1834
885
935
935
919
933
887
919
1817
885
901
902
902
1831
1833
1834
935
935
919
933
887
919
1817
885
902
902
902
1831
1833
1834
935
935
919
887
919
933
1817
885
902
902
902
1831
1833
1834
935
935
919
933
887
919
1817
885
901
902
902
1831
1833
1834
935
935
919
919
933
1817
887
901
902
902
1834
885
1831
1833
935
935
919
933
887
919
1817
885
901
902
902
1831
1833
1834
935
935
887
919
919
933
1817
902
902
902
885
1831
1833
1834
935
935
919
919
933
1817
887
885
901
902
902
1831
1833
1834
935
935
919
933
887
919
1817
885
901
902
902
1831
1833
1834
935
935
919
919
933
1817
987
887
885
902
902
902
1831
1833
1834
935
935
919
933
919
1817
887
885
901
902
902
1831
1833
1834
935
935
919
933
919
1817
887
885
901
902
902
1831
1833
1834
935
935
919
933
919
1817
887
902
902
885
902
1831
1833
1834
935
935
919
919
933
1817
887
885
902
902
902
1831
1833
1834
935
935
919
919
933
887
1817
885
901
902
902
1831
1833
1834
935
935
919
919
933
1817
887
885
902
902
902
1831
1833
1834
935
935
919
919
933
887
1817
885
902
902
902
1831
1833
1834
935
935
919
933
887
919
1817
885
902
902
902
1831
1833
1834
935
935
919
919
933
1817
887
885
902
902
902
1831
1833
1834
935
935
919
933
887
919
1817
885
902
902
902
1831
1833
1834
935
935
919
919
933
1817
887
902
885
902
902
1831
1833
1834
935
935
887
919
919
933
1817
885
902
902
902
1831
1833
1834
935
935
919
933
919
1817
887
885
902
902
902
1831
1833
1834
935
935
919
919
933
1817
887
885
902
902
902
1831
1833
1834
935
935
887
919
919
933
1817
885
902
902
902
1831
1833
1834
935
935
919
933
919
1817
987
887
885
901
902
902
1831
1833
1834
935
935
919
933
919
1817
887
901
902
902
1831
1833
1834
885
935
935
919
919
933
1817
887
885
902
902
902
1831
1833
1834
935
935
919
933
887
919
1817
885
901
902
902
1831
1833
1834
935
935
919
919
933
1817
887
885
902
902
902
1831
1833
1834
935
935
887
919
919
933
1817
885
901
902
902
1831
1833
1834
935
935
919
919
933
1817
887
902
902
902
1831
1833
1834
885
935
935
887
919
919
933
1817
885
901
902
902
1831
1833
1834
935
935
919
919
933
1817
887
885
902
902
902
1831
1833
1834
935
935
887
919
919
933
1817
885
901
902
902
1831
1833
1834
935
935
887
919
919
933
1817
885
902
902
902
1831
1833
1834
935
935
919
933
887
919
1817
885
902
902
902
1831
1833
1834
935
935
919
919
933
1817
887
885
902
902
902
1831
1833
1834
935
935
919
919
933
1817
887
901
902
902
1831
1833
1834
885
935
935
919
919
933
987
1817
887
902
902
902
1834
885
1831
1833
935
935
919
933
887
919
1817
885
902
902
902
1831
1833
1834
935
935
919
919
933
1817
887
885
902
902
902
1831
1833
1834
935
935
919
919
933
887
1817
885
901
902
902
1831
1833
1834
935
935
887
919
919
933
1817
885
901
902
902
1831
1833
1834
935
935
919
933
887
919
1817
885
901
902
902
1831
1833
1834
935
935
919
919
933
1817
887
901
901
901
901
902
902
902
902
902
902
902
902
902
902
902
902
1830
1830
1830
1830
1832
1832
1832
1832
1834
1834
1834
1834
1834
1834
1834
1834
885
902
902
902
1831
1833
1834
935
935
919
887
919
933
1817
885
902
902
902
1831
1833
1834
935
935
919
933
887
919
1817
885
902
902
902
1831
1833
1834
935
935
919
919
933
1817
887
885
902
902
902
1831
1833
1834
935
935
919
919
933
1817
887
902
902
902
1831
1833
1834
885
935
935
919
933
887
919
1817
885
901
902
902
1831
1833
1834
935
935
919
933
887
919
1817
902
885
902
902
1831
1833
1834
935
935
919
887
919
933
1817
885
902
902
902
1831
1833
1834
935
935
919
933
887
919
1817
885
902
902
902
1831
1833
1834
935
935
919
887
919
933
1817
885
902
902
902
1831
1833
1834
935
935
919
933
887
919
1817
901
902
902
1831
1833
1834
885
935
935
887
919
919
933
1817
885
902
902
902
1831
1833
1834
935
935
919
919
933
1817
887
885
901
902
902
1831
1833
1834
935
935
887
919
919
933
1817
885
902
902
902
1831
1833
1834
935
935
919
933
887
919
1817
885
902
902
902
1831
1833
1834
935
935
919
933
887
919
1817
885
901
902
902
1831
1833
1834
935
935
919
933
919
1817
887
885
901
902
902
1831
1833
1834
935
935
887
919
919
933
1817
885
902
902
902
1831
1833
1834
935
935
919
887
919
933
1817
885
902
902
902
1831
1833
1834
935
935
919
933
887
919
1817
885
901
902
902
1831
1833
1834
935
935
919
933
887
919
1817
885
902
902
902
1831
1833
1834
935
935
919
933
887
919
1817
885
902
902
902
1831
1833
1834
935
935
919
933
887
919
1817
885
901
902
902
1831
1833
1834
935
935
919
933
887
919
1817
885
902
902
902
1831
1833
1834
935
935
919
933
887
919
1817
885
901
902
902
1831
1833
1834
935
935
919
933
887
919
1817
885
902
902
902
1831
1833
1834
935
935
919
919
933
1817
887
885
902
902
902
1831
1833
1834
935
935
919
933
887
919
1817
885
902
902
902
1831
1833
1834
935
935
919
933
919
1817
887
885
901
902
902
1831
1833
1834
935
935
919
933
887
919
1817
885
902
902
902
1831
1833
1834
935
935
919
933
887
919
1817
885
901
902
902
1831
1833
1834
935
935
919
933
887
919
1817
885
901
902
902
1831
1833
1834
935
935
919
933
887
919
1817
885
902
902
902
1831
1833
1834
935
935
919
933
887
919
1817
902
902
902
1831
1833
1834
885
935
935
919
933
887
919
1817
885
902
902
902
1831
1833
1834
935
935
919
933
919
1817
887
885
901
902
902
1831
1833
1834
935
935
919
933
919
1817
887
885
902
902
902
1831
1833
1834
935
935
919
919
933
887
1817
902
902
902
1831
1833
1834
885
935
935
919
919
933
887
1817
885
902
902
902
1831
1833
1834
935
935
887
919
919
933
1817
885
902
902
902
1831
1833
1834
935
935
919
919
933
1817
887
902
902
902
1831
1833
1834
885
935
935
919
933
887
919
1817
885
902
902
902
1831
1833
1834
935
935
919
933
887
919
1817
885
901
902
902
1831
1833
1834
935
935
919
933
887
919
1817
885
902
902
902
1831
1833
1834
935
935
919
933
887
919
1817
885
901
902
902
1831
1833
1834
935
935
919
933
887
919
1817
885
901
902
902
1831
1833
1834
935
935
919
933
887
919
1817
885
902
902
902
1831
1833
1834
935
935
887
919
919
933
1817
885
902
902
902
1831
1833
1834
935
935
919
919
933
1817
887
885
901
902
902
1831
1833
1834
935
935
919
933
887
919
1817
885
902
902
902
1831
1833
1834
935
935
919
919
933
1817
887
885
901
902
902
1831
1833
1834
935
935
919
933
887
919
1817
885
902
902
902
1831
1833
1834
935
935
919
919
933
1817
887
885
902
902
902
1831
1833
1834
935
935
919
919
933
1817
887
885
902
902
902
1831
1833
1834
935
935
919
919
933
1817
887
885
902
902
902
1831
1833
1834
935
935
919
933
887
919
1817
885
901
902
902
1831
1833
1834
935
935
919
919
933
887
1817
885
901
902
902
1831
1833
1834
935
935
919
919
933
1817
887
901
902
902
1831
1833
1834
885
935
935
919
919
933
1817
887
885
902
902
902
1831
1833
1834
935
935
919
933
887
919
1817
901
902
902
1831
1834
885
1833
935
935
919
887
919
933
1817
885
902
902
902
1831
1833
1834
935
935
919
933
887
919
1817
885
901
902
902
1831
1833
1834
935
935
919
933
919
1817
887
885
901
902
902
1831
1833
1834
935
935
919
933
887
919
1817
885
902
902
902
1831
1833
1834
935
935
919
933
887
919
1817
885
901
902
902
1831
1833
1834
935
935
919
919
933
887
1817
885
901
902
902
1831
1833
1834
935
935
919
933
887
919
1817
885
901
902
902
1831
1833
1834
935
935
919
933
919
1817
887
885
901
902
902
1831
1833
1834
935
935
919
933
887
919
1817
885
902
902
902
1831
1833
1834
935
935
919
919
933
1817
887
885
902
902
902
1831
1833
1834
935
935
919
933
919
1817
887
902
902
885
902
1831
1833
1834
935
935
919
933
887
919
1817
902
902
902
1831
1833
1834
885
935
935
919
933
919
1817
887
885
902
902
902
1831
1833
1834
935
935
919
919
933
987
1817
887
885
902
902
935
935
935
919
919
933
1817
887
919
1817
885
902
902
935
935
935
919
919
933
1817
887
919
1817
885
902
902
935
935
935
919
933
919
1817
887
919
1817
885
902
902
935
935
935
919
919
919
933
1817
887
1817
885
902
902
935
935
935
919
919
919
933
1817
1817
887
885
902
902
935
935
935
919
919
919
933
1817
887
1817
885
902
902
935
935
935
919
919
933
1817
887
919
1817
885
902
902
935
935
935
919
933
919
1817
887
919
1817
885
902
902
935
935
935
919
919
933
1817
887
919
1817
902
885
902
935
935
935
919
933
919
919
1817
1817
887
885
902
902
935
935
935
919
919
933
1817
887
919
1817
885
902
902
935
935
935
919
919
933
1817
887
919
1817
885
902
902
935
935
935
919
919
919
933
1817
887
1817
885
902
902
935
935
935
919
919
933
1817
919
1817
887
885
902
902
935
935
935
919
919
933
1817
887
919
1817
885
902
902
935
935
935
919
933
919
919
1817
1817
887
885
902
902
935
935
935
919
919
919
933
1817
887
1817
902
885
902
935
935
935
919
919
933
1817
887
919
1817
885
902
902
935
935
935
919
933
919
1817
887
919
1817
885
902
902
935
935
935
919
919
919
933
1817
887
1817
902
885
902
935
935
935
919
919
933
1817
919
1817
887
885
902
902
935
935
935
919
919
933
1817
887
919
1817
885
902
902
935
935
935
919
933
919
919
1817
1817
887
885
902
902
935
935
935
919
919
933
1817
887
919
1817
885
902
902
935
935
935
919
919
919
933
1817
1817
887
885
902
902
935
935
935
919
933
919
919
1817
1817
887
885
902
902
935
935
935
919
919
933
1817
887
919
1817
885
902
902
935
935
935
919
919
933
1817
887
919
1817
885
902
902
935
935
935
919
919
919
933
1817
1817
887
885
902
902
935
935
935
919
919
933
1817
887
919
1817
885
902
902
935
935
935
919
919
933
1817
887
919
1817
885
902
902
935
935
935
919
919
919
933
1817
1817
887
885
902
902
935
935
935
919
933
887
919
919
1817
1817
885
902
902
935
935
935
919
919
933
1817
887
919
1817
885
902
902
935
935
935
919
919
933
919
1817
1817
887
885
902
902
935
935
935
919
933
887
919
919
1817
1817
885
902
902
935
935
935
919
919
933
887
919
1817
1817
885
902
902
935
935
935
919
933
919
919
1817
1817
887
902
885
902
935
935
935
919
919
933
1817
887
919
1817
902
902
885
935
935
935
919
919
919
933
1817
887
1817
885
902
902
935
935
935
919
919
919
933
1817
1817
887
885
902
902
935
935
935
919
919
933
1817
887
919
1817
885
902
902
935
935
935
919
919
919
933
1817
1817
887
885
902
902
935
935
935
919
933
887
919
919
1817
1817
885
902
902
935
935
935
919
919
919
933
1817
887
1817
885
902
902
935
935
935
919
919
919
933
1817
1817
887
885
902
902
935
935
935
919
933
887
919
919
1817
1817
902
902
885
935
935
935
919
919
933
1817
887
919
1817
885
902
902
935
935
935
919
919
919
933
1817
1817
887
885
902
902
935
935
935
919
933
919
919
1817
1817
887
885
902
902
935
935
935
919
919
933
1817
887
919
1817
885
902
902
935
935
935
919
933
919
919
1817
887
1817
902
902
885
935
935
935
919
919
933
887
919
1817
1817
885
902
902
935
935
935
887
919
919
919
933
1817
1817
885
902
902
935
935
935
919
919
919
933
1817
1817
887
885
902
902
935
935
935
887
919
919
919
933
1817
1817
885
902
902
935
935
935
919
933
887
919
919
1817
1817
885
902
902
935
935
935
919
919
933
1817
887
919
1817
902
902
902
902
920
920
935
935
927
927
934
934
920
920
935
935
927
927
934
934
902
902
902
902
920
920
935
927
934
935
927
934
920
920
935
935
927
934
927
934
902
902
902
902
920
920
935
927
934
935
927
934
920
920
927
935
934
927
935
934
902
902
902
902
920
920
927
927
934
935
935
934
920
920
927
927
934
935
935
934
902
902
902
902
920
920
927
935
927
934
935
934
920
920
927
927
935
935
934
934
902
902
902
902
920
920
935
927
927
934
934
935
920
920
935
935
927
927
934
934
902
902
902
902
920
920
927
927
935
934
934
935
920
920
927
927
934
935
935
934
0
232
182
184
186
188
190
181
212
192
226
227
228
1859
194
231
193
213
221
219
217
218
220
69
85
82
86
68
68
68
68
68
68
68
68
87
93
83
92
74
84
71
109
111
113
114
103
103
103
103
116
223
215
1052
246
245
172
167
222
166
157
164
160
161
159
171
288
160
1152
159
171
69
75
83
84
85
86
92
150
150
150
151
126
156
167
230
152
71
902
902
902
902
881
1338
250
251
252
253
254
255
1553
157
164
166
160
161
159
171
1805
1806
79
77
78
170
233
234
920
920
935
927
927
934
935
934
920
920
927
927
935
934
935
934
902
902
902
902
920
920
927
935
927
934
935
934
920
920
935
935
927
934
927
934
902
902
902
902
920
920
935
927
927
934
934
935
920
920
935
927
934
927
935
934
902
902
902
902
920
920
935
934
927
927
934
935
920
920
935
927
934
935
927
934
973
974
975
997
974
1001
976
863
866
1016
851
864
866
1016
851
864
858
859
857
854
860
862
852
855
856
853
985
983
861
861
865
867
1003
1822
902
902
902
902
920
920
935
935
927
934
927
934
920
920
935
935
927
927
934
934
902
902
902
902
920
920
935
927
927
935
934
934
920
920
935
927
935
927
934
934
902
902
902
902
920
920
935
935
927
927
934
934
920
920
935
927
927
935
934
934
